67
22
13
26
53
9
4
12
27
3
12
14
26
15
10
17
8
20
8
9
17
16
12
20
20
16
35
43
66
26
11
23
20
2
3
24
16
136
11
10
13
13
3
3
6
17
14
11
11
3
15
15
22
18
20
23
9
16
4
13
12
2
8
24
2
6
3
16
8
26
7
2
7
15
10
67
4
3
38
3
3
6
29
11
16
6
13
2
1
11
15
3
15
3
23
16
11
11
3
26
16
10
18
8
12
1
5
14
22
11
15
8
21
10
13
3
10
5
3
8
6
6
29
2
12
16
47
14
12
12
4
18
27
17
46
19
20
8
4
6
13
3
10
1
11
8
17
9
9
4
6
14
7
10
21
9
13
15
14
81
11
12
13
6
14
8
6
3
10
7
9
10
38
8
9
11
7
7
34
10
14
2
35
30
5
2
12
6
11
7
19
13
14
4
12
18
9
4
8
7
5
11
8
10
8
14
9
27
6
18
2
10
2
18
80
6
7
8
4
2
14
7
12
6
13
11
16
19
8
24
8
20
8
19
10
76
116
43
10
20
10
7
7
3
4
6
2
11
11
5
4
4
21
10
18
16
12
8
12
3
12
5
17
18
1
19
2
8
2
6
4
2
2
2
8
6
13
7
7
8
5
4
24
3
17
9
12
8
2
2
11
15
10
12
8
15
4
5
66
3
3
7
8
5
6
5
11
3
4
12
7
5
10
9
7
3
15
11
7
3
24
31
197
27
25
4
4
11
12
8
7
4
5
13
5
11
4
24
5
20
3
2
9
11
1
12
4
20
44
7
7
8
3
36
3
19
6
14
13
15
7
7
4
6
10
6
23
2
2
9
5
13
23
11
2
15
23
45
2
7
6
17
10
5
12
25
26
2
24
4
6
16
6
14
12
5
5
10
12
9
14
8
7
14
5
9
2
32
22
1
4
21
14
15
16
2
3
14
5
10
14
7
1
18
7
