461503
382040
234148
621865
1213088
270495
60940
348098
705000
22147
229702
278391
590309
294354
187892
383654
153030
454060
163011
189482
317676
388739
244516
455459
507351
380480
816286
874791
1970984
918962
375241
817922
644140
52395
55952
801461
549542
5219275
357330
316098
407241
428315
62798
90271
184852
583780
511478
323077
340652
77998
514371
511816
792985
641748
678739
843121
267719
445268
97720
436643
396711
22323
237694
855720
30007
160899
82240
544364
256614
905747
200959
57297
194564
543077
286203
2482222
88311
94275
1353639
66702
59229
187678
685530
284825
462103
144615
426829
19908
19882
329708
480761
84926
443686
91221
819357
547824
396586
331295
59737
948118
591782
326090
612008
273468
399150
24269
167546
1045845
799631
386735
504789
252974
770586
324324
521273
57002
348975
172386
87594
223857
201930
219527
1147811
9962
424222
565164
1755410
523942
315531
439203
125246
636045
875394
629056
1847708
706152
770677
246891
112279
183373
406446
97700
351511
20847
383243
244424
591352
283524
294152
87736
170107
413435
239943
356692
796999
265208
481424
526372
472038
5270761
391942
397629
448339
176963
495780
282346
132711
49727
359810
159436
322636
325118
1459081
252434
320038
315714
242634
222040
1290232
335073
494468
43641
843470
1147990
143836
53568
403881
212795
361238
230598
668098
468513
490894
104897
441469
680145
272916
120678
275552
262212
145537
367784
238512
317681
265969
517582
281906
1434043
212101
580950
21730
333402
32119
669242
2827595
162822
248399
267485
114454
48098
513048
208504
346681
184319
510794
370000
566962
745275
255582
865458
230303
759401
240027
1175932
338941
2648317
4452097
2066355
343688
715829
340635
214325
182806
68287
90326
176688
48044
357103
390848
135087
119896
116518
738921
324082
692444
450835
354160
263952
416302
70833
446149
257124
809146
678064
22089
700332
44188
277139
11100
198548
124696
32774
59953
21073
262979
160620
501059
259524
237595
260169
140646
99408
923490
58316
581931
307010
432020
269641
10373
41767
312281
424836
284072
376028
239376
507133
80255
145156
2237111
61283
86446
174917
241635
162364
185820
186416
375069
71934
116212
403214
237619
131147
336356
295997
232807
72157
554775
398659
185963
74247
841973
1202706
8312639
923121
916273
120044
123888
408165
435398
233946
189129
96616
143568
497083
128671
428531
95360
884905
133033
744408
83796
49804
294313
399948
31336
461027
110747
733992
1595480
227396
233531
278347
64664
1486993
51335
704943
194870
516720
463830
531004
188939
217127
111109
228025
350083
182021
871450
31113
48770
285730
180170
495015
818876
413363
22089
377868
797605
1587357
36759
218982
174524
564665
344694
110350
378023
883158
949951
41487
779732
90720
194571
561183
122679
501979
397378
119404
149125
347948
443599
294829
451815
240695
233859
468783
110329
298806
71282
1157946
763860
16384
98905
712001
498137
463271
539913
35038
86095
449095
153958
311655
463718
191086
15138
646239
216630
