 364
prepare 2
Bernoulli200 1
fifty 1
4688192421141599313689189778427690359665256283948257291245464556741556264558183 1
exclusions 1
4074195816378819585090156084323257364071014313800115972968251161029118723455461 1
your 11
Therefore 1
0354481463888582059665932472055728423562795871908467589256590386433953443963348 1
salary 2
1011438575099484896341336771053946168596117603779433009583486087778261092733102 1
without 2
3048382631903692742255314133010448329629034247650705334420681764871912900141730 1
these 6
2689956605786207696547850856758744987704156772907613971863685498106666450789705 1
nominally 1
contributions 1
would 1
5160699575343945749225792906081804275203182356211236861094743438878579446118424 1
139969199374294532188729693702577000000465664934371179035889932037927222630615 1
Michael 3
0111620289793360632141212087877945966075033938687737132829040482438463044913103 1
electronically 3
Bernoulli206 1
Bernoulli208 1
calculate 1
530887862514904041123063873751701148207332402497071471806 1
ten 1
Bernoulli202 1
Bernoulli204 1
2379359188598411677132300124757260568273726386263819635855676 1
audience 1
Small 5
1066476486097551548991955116319546315427449493825430704787375985685635337262886 1
9929426086078632404364406705872638988259004550091480475956798374617998494653436 1
GUTINDEX 1
click 1
3654065939291320525986944570166180778722315422080724702421323386482784126733369 1
Mellon 1
1 4
2 4
3 2
0523134990756922303410810482600528769479642021001218415879006164302955370460829 1
194695824492640851981992854003531231979402523115431228384694144553383388568488 1
size 1
259790040816289605871057265894981852446821926693129183547995941809489012080370 1
5 1
6666446106121343241772625570723451925602179037604045813434065564118195563426039 1
7 1
0511751677174517473289119352826395839723724701055871877364950555012087015220999 1
686570292053105268177309480155268493828597120553894 1
365090418861856264942 1
9427826334820069999713505912136711091223317511220813736883913351946252000991006 1
3808448685054322627708245455888249006715516690124228801409697850408284121138 1
300803334120339537905702856877606246855867891786763741486735368783092237 1
2964660386482546289139684757837536311357656096827258440550754675128600333196327 1
849022824259531119911992056584900976021779102357279891826637435055024636622543 1
5777452210334244501588247795694151577928607573139031438597654499173262539636059 1
A 2
0451878761724298365666446154163980299583363690461239934465143934417941810390419 1
DOMAIN 2
8573107397677704630765165605752496196216597189856461269640396599818255776462253 1
Royalties 1
8610052669325951498101840202725441380338412201062322499619848740412874 1
I 1
1583789604599337453537326739833777046220864186820001114075420055809865441453527 1
4628608193074472550384250127230425709906361593931629204892654969458818434152231 1
7529927993776215011685533261432410077791728458394351343228912812829117361997697 1
O 1
P 1
characters 3
S 2
6555101187104600760776388839991043970 1
4583901899479498558999332249563820904546595065237338528429098863513249662746848 1
2936201000669243616936664447223387438391982213479316519168076511988009359424930 1
listing 2
_ 1
a 29
107937537006341597618068264992894158316 1
23750781378887963394244732593729134098248730 1
the 58
licenses 1
readers 3
2587559349934812883322085725654413384310919994262917266157157583189600900271737 1
x 1
metalabuncedu 1
days 3
information 4
Bernoulli242 1
4242128180304966356165162290173103044092702582217959772178183606221416867140355 1
4902779142690647238320626154317300612246499805666932586030993409969885423019145 1
Bernoulli244 1
Humans 1
reader 1
Bernoulli240 1
4348636886152199162143243010230010933578937463300839037442049911666508120618414 1
5734032969370860921631095311392645731505222358555208498573088911303001784652122 1
9383015638214571378546092320911382385141634160156861783095114673655212399723765 1
good 1
got 2
9156075718972624235764657102074902610737729027517674632609562387841658709266014 1
wish 3
pubdocsbooksgutenberg 1
0857227145200622246509066032795288017634942726754909458234645264430702930529842 1
2782035305091564276810 1
0942985827690026019144748986116319143448962997698665018791994064217597704711709 1
4454944935388834925108370678592735494494812411438800013100442226704887804736057 1
2134886151859611237360536546092182191540994943645639475725217311330828877695184 1
Bernoulli246 1
2250525326187264545900714460628885135841050444551247116222631411681549780530233 1
Bernoulli248 1
897742888716303078436445205805986526326135594094133440338930199388988621138764 1
234467683060537590 1
STRICT 1
Bernoulli232 1
making 1
Bernoulli234 1
3135296744002251884712439458506415686597106704022709694308050018948429224404426 1
Bernoulli230 1
FOR 4
4462608877814028135357480684003645692740424404849750633939325832438637957404856 1
988721621966561148765332193626328913917748393420050004369569387264811916954171 1
check 2
list 2
7303238218116573968772216970036489561373747407630110362020821819680854208929607 1
9391055572765375337084396117314557817718180166181509161271561059129443589397485 1
1115098262552562151629993531946710430672386743677617308205579019072302696542508 1
02264664237354 1
1064767990946535511234698279062816902280476046778388084857526581969649350313795 1
6439601116284582327752535259838179074964076003571829197441625238137121954361357 1
6904124630526882732099120398430089179339282190314646212515622936459121100998906 1
End 1
PARTICULAR 1
Bernoulli236 1
9999818243511962109583265019621658883154231991893552479038765074765515515428784 1
Bernoulli238 1
8984169700753045593228260069131402870241631072314741775594294587713198659984061 1
Computers 1
Bernoulli220 1
Bernoulli2 1
Bernoulli222 1
12763926956693296268559651835032957935174115260562444310246126404932381714790 1
2892766580125943491547962849601205964238118312590414109656617177099586590621475 1
346465752997582699690191405750952366871923192340955593486485715370392154894102 1
medium 5
5403562856047891468715414 1
remove 2
0303881661694750473664046507362493822028234556663180814081396903739657957886366 1
0633494310213325366325872986533997729205356610740132396709534260887428332526534 1
disclaimers 2
7532482632213152948299491122977690702642386377706799989565320538433072623252159 1
Bernoulli228 1
131070 1
3040621040701066692022628883455777535731782517692198800045655789245002604555941 1
Bernoulli8 1
31065699661892117482702094834945544025566080733851491916 1
Bernoulli224 1
1656778041462526293528399834675644295821446366341841913631981518139996323077704 1
Bernoulli6 1
4254954541436759755619186929818878962419179787160694148360451817997811323189321 1
Bernoulli226 1
Bernoulli4 1
Bernoulli210 1
Bernoulli212 1
1599957349452300826 1
multiple 1
8249001450368140437083583099127029870537678245450148711191680759214684176445667 1
0233726105870589191017887960191293607258806456016263231512800235871497605920995 1
better 3
61825 1
with 6
27030 1
0720455857759498414608962062399802205104381380251284056938785657452803895167902 1
there 1
84483613348880041862046775994036021354 1
Bernoulli218 1
Bernoulli214 1
OCR 1
Bernoulli216 1
Bernoulli286 1
ETEXT 3
4379199691974213851894753587755965370260923745196450529750595954878886186142755 1
named 1
Bernoulli288 1
Bernoulli282 1
Bernoulli284 1
7385343252474507896205536559285343999286125673465838911018803676968634234058996 1
3046520935696995573515824242272701117754774305790084108344788704634810391537752 1
7662722514885923646850536934200348042836679856933469870621958339639775704742246 1
2134556279925445988685657134103647044753614334935369430918736361622260584801249 1
Bernoulli280 1
changing 1
33507729130074 1
7516393803644992519491684872247791181863964919358601704066033642419071781422277 1
1711742800825087844753456807070627506493921174343064414553125137512114090364690 1
3482510069570158085040668138860662778558327704232203358594262804010229103345601 1
0701249956855854697941668782306120097132522916159183941992306442021676955225747 1
1733600183110293923649039576776938358945074353831757390648015783191038839902600 1
9290260805334565313825687466304288058398986061317055037227125673791728358134975 1
2170405579892517520980162628979902260722259369702927489002804694624192390688298 1
per 3
IMPLIED 1
1211522401848061769539868110287053579527883204733070961095295256696235478785408 1
Bernoulli276 1
68808728541261560075135286071314940319930 1
Bernoulli278 1
Bernoulli272 1
byte 1
Bernoulli274 1
understand 1
Bernoulli270 1
1292530721642055470398317117154079538710079980935339051910764771797621303275275 1
ever 1
5556330281949274850616324408918951380525567307126747246796782304333594286400508 1
4431991715959299563428081327762284421994333768251921757188656927704213872171465 1
8491322587940166253688363451761279210145812935556959005617096357884154904315169 1
million 4
5538842134054390992956001669225520942778629366261309269472085949866705644243058 1
even 2
4190240110951409706914769967025394576318908047435738192455517402263703943233793 1
binary 1
778246003589408566 1
Bernoulli264 1
hundred 2
Bernoulli266 1
2451390846634169294587605970366674137179785300214721482640705972860706168578931 1
FTP 2
5876370804510037897699613232981352579536578917217268540854988864027790319217013 1
414103958051295234819026722147401778513148011132298 1
7447954953319472969382432878147905162439682037400943239063008079979452635802499 1
Bernoulli260 1
Bernoulli262 1
8362506172510706634702922447097017783029079745710482106017053436314827665116057 1
900309704889057549412703055487959300250691255243632314995356843469409197586598 1
hypertext 2
have 3
2138452375719697629394886161086199009071745032148355699097673730377547354631757 1
Among 3
Bernoulli268 1
1340987371661862741413337000516697089619657504784045957077408711185148218378 1
4377556163984602775965899294620028160948209504229098195604243661949859717087550 1
Bernoulli254 1
Bernoulli256 1
Bernoulli250 1
Bernoulli252 1
Mathematical 2
intellectual 1
5287299000379375481876741110444691063088672260104977000219302771368094730410104 1
produce 2
4808672247710016971165136836990116494968551598781529318057420685176269502042794 1
8851481686403847480960464641545840936004289242306394237365086284210791291343989 1
9290525699807735955670609548302870777798193704759001480201366969220331449776023 1
2107179248975708274982528930670627754900585633568069306809352009453263516817144 1
6261018068281386975343846241380230231828892193554265441227110107550230930699645 1
6848373990565475962979428972205908857439147439438411638884239347219877989084579 1
530145362663093519862048495908453718017510 1
5855294386897778856288621621870086311924214503070716805857287280725725809477802 1
057600305947696882963083751939137877037076930102241016139042279790662752162622 1
Bernoulli258 1
thousand 1
7156388139504050817072318352135336014937133504488344591033637378875175488860842 1
1039554412204304060999050471842935871664238236129525031050621197904673190252061 1
All 1
1645074026176120148828651408666634138584441258081394972400015503830887018872071 1
7153411022580989403199123439967078116850845513562446455409333088104139281608917 1
3528038472099497987423279686033847352373713634524328902029631237087627685630315 1
4458695880012678679045241483345173727648526921760404149395783215384774877669101 1
20010 1
627531351104611936725531066998937136031530541533118953055906391070178246402413 1
2944136866167556404170101140178710147326875675233494871699877286279336655831877 1
2269186825161532962833665086968359967389321429297588337232986752409765414223476 1
Copyright 1
7350582383824661705614558588255570686045188731367535784206070621778205976288528 1
3053985414762198703102020975667535181880294373982570358384262712216099013630127 1
0942421327006352640962962050523706268382526774187498015180776642893902628289655 1
2586zip 1
defective 1
members 1
owns 1
7235747852022645695523676561694856919437156369375152041285055935622032497285897 1
law 1
including 3
271656706142846974362731456941006110386028295548566 1
liability 3
9129965387795437476499993582526045900893451189212571046394459132362111490245382 1
Public 1
less 1
Three 1
READ 1
3160317558190734639340443419436918626125596334898307900637096349388220502296543 1
200 1
2647947267041500549169372930162989091086595292864023659159340080525817986142928 1
were 1
110968358518556750910569006059104612436322304793290197896476208195051113971187 1
5010450651733583075122028847986584025427113069993778348629306554503407744980050 1
3945986283823608714469880713486237817037414979036031006235383025032476262083964 1
try 2
1677014149185145836823154509786269900207736027570253414881613498 1
2708311946192938321074824269456551433579098072518528592794831763734356976076398 1
2026508213803668789819570234151094586211640196633499617063941661470860479560003 1
112409792943630 1
80254258105842015717744499572414643401095251009763836 1
3989009021707255789079152868947926798749669926359814617149589320301348557522754 1
cause 1
6420954749054906526495733099883401725824247665659378641424764700866014787892724 1
690 1
thirtysix 1
7856132696558562847161814996976075174769694748695438632575090586824991284249542 1
8222290699114010502748358004031631058971889186924165168406867382344461715876142 1
3652933312502154232256154248655323449087294932433573803461168059147071037610405 1
intended 2
convey 1
5402253780366030529903461995108070181588324436974802042507356479805287696654244 1
48215963346038 1
ETEXTS 1
4185938663359749293528922631351379885288320544746558558870084671027543542465268 1
0003151200601432709893613802729701685072968681090703554561525613786761794587069 1
Bernoulli298 1
5636569024245707446222626747837424424339538052675049519121854488886188014302086 1
4633655793891627414432844258118062649822337254252957998522998073253793155015723 1
Bernoulli294 1
Bernoulli296 1
1963338110257097477461932107868201143690258498973457225310980427605309226568788 1
Bernoulli290 1
Bernoulli292 1
httpwwwlacimuqamcapi 2
38423434368779109181349635099892383418900862720397266277623080279813067604999 1
9958528421462206148998040363604314916692108315970766317682360194568697651597939 1
12208138065797444696073016794132012039585084152026966214362151052846494476 1
machines 1
9658119876451207931032748030811189911338403495201879917853940007778344522354341 1
2715922759633521270378541507790769763357456276378726595626459724623679603915577 1
4940928320898831030553117958335524295334473124061085211019948034784218328090588 1
2812296709019528798105501952374642102617461115460660788141083455382157119560007 1
2429827685161964955182997369703358718106927138069240713231716173910928401194522 1
Newsletters 1
9547413536830816918711708415728539326844570191907274525793882695187610700660122 1
password 1
4459656213454096023152593544127001579959962113568241401538231186153459784375673 1
1430764533190073583476950977696482241431914136512209884110123657419726451364709 1
2309183354235563610377651291484274983125139258984606382689516336611547002063107 1
displayed 1
2004234737932232132721483006894186620451211405621853101169505189675852069953799 1
edited 3
1466487133901727883452491575071706997348776015272296636310318052713919926107295 1
35757056186544409616787583076594896302119414868190918059336879970513171390 1
want 3
6921878875377794377181730501589511059242543228757754984497914367693119677413274 1
0525169749128982828132077146902780721841387850162775862442199934474879939605150 1
5318608109519473803131502798790159969906307640085037346092953364467166985638354 1
410951945846993378209020486523571938123258077870477502433469747962650070754704 1
each 3
Project 26
9205960570607504345672675033426810959288741490491658133099197637151741354653719 1
1867488322718098218284092982079687391392270146095981067032374720432289322985638 1
must 2
3270965528744920377697491098857650356166180024927899131911330958233528159264744 1
5437824233066312590235423331835306279920316360373436613582605583354521094366397 1
1222777875778441595662461445780848421256813210893747663034424053574110541569291 1
Vanilla 1
scanning 1
dollars 2
two 1
Defects 2
does 1
Champaign 1
110636644250856903590976481422794879200517231299540994715372334521128669716264 1
distribute 5
105418168738140963813161691085391135445598065791378169261647085514530537644216 1
8309660568168641652195632216912551725048162454271949427757784602972395740082546 1
BUT 2
SUCH 1
receive 4
think 1
implied 1
7877313085871872814190914920847460624434700130 1
7791249508631724180677304236114904329953319103713608769803340518450516179464461 1
Trillion 2
6339616373490620446536298890167517709746328742870299157366295356390032576984786 1
They 1
OTHER 1
PUNITIVE 1
1162981301626524185846242758670116796140227287752825611059058867582000182177992 1
7201581774324812547378775010951844029726569177451752266619131308789601386187308 1
158845135682583637310050414378214595799174539534413035558457927180260655307343 1
4838609465063340041860073244678648429785592501741082638997030856922741423537618 1
till 1
4894833650574221421335477496494331790029997128928883270452912343595756835759921 1
7914524280003950529904636743674087746412992771694493822757974183849636667436477 1
23749461029870 1
paying 1
1928215175136130915645299522271596435307611010164728458783733020528548622403504 1
things 4
This 6
donation 1
has 2
2848558100086219052382902401434814030229870372716839898248636 1
9561246957096519581716048742198568078879341109614035666197614674515022810207552 1
given 1
last 2
147505779907070690908926406436278903967905880575979328703613127976053398772185 1
65561986133763291349835081839625170 1
pro 1
LaCIM 2
7021486798188927253139176046166778181472669994161900278671855691024038916704559 1
2125232861272317826494196355011448061575566079010803842447291832681529786157811 1
These 1
involved 1
converted 1
4487952555051206433941672142138068377852076260779912263833447744222838058546287 1
page 1
0569194474345240967233524480174462973588737102486174212455700152251212621356120 1
2525292668891404920279427026668969389456388249389889339455604316691573384284678 1
away 1
8096693859598125274741604181467826651144393874696601946049679470 1
1644475014053958267630939139585943626066477864173370849965704755073932530073272 1
0649650643216766436923947887297424791260110042630633931227556547559566964009221 1
9233337662014445697606454995935095546520785205839498933104702647973917548450654 1
3627255711740297705283904210569359740469325761763420160059889535970821330273820 1
6607146194176786535738478474262614962778306866533889317619969836 1
5413121570056032594973325695467481314969978301631841533809439574315293254272325 1
hours 1
4053235820050168829922189401964755775948260724401542319799566237745986245598102 1
titles 1
WHAT 1
manage 1
4359502992576497468612049383075085881514411101815663974886306567994459430027969 1
1937739185681066178901105822385739566191012805835839265694429000135104051173197 1
29149963634884862421418123812691798 1
paid 3
Plouffes 2
4114855975820337364967929014816200930710408571386143740702777024908466506956642 1
1120138556683484262445969614805973815951370165282708156036520187784573149198251 1
time 4
3029576417555646398294947091294900249560509135799759924479804509908115765709455 1
0059120392638854094081483317332279380432508494509482852486062609201354728133535 1
8537908996210911982475409155309551762403125143065067389753960600797968698009862 1
3053726160045251592818050278521482012458623268746033382205619045167810748544640 1
169173714561401897986556109511216618960768285214730140081648067591695787117864 1
323212154 1
program 2
3774065509757316092229107517552255146627603263474994800130 1
required 1
CONSEQUENTIAL 1
2092063737117719972419446305379041821531028902499051591918182645467840089773846 1
Goal 1
payable 1
1971 1
46143428578083417759291169439869395337214083816200847999672131739013721 1
Special 1
5411555842544259796131885546196787277987837486638756184149141588783989774511509 1
laws 2
mirrors 1
1263395843134574919063111979334979001689856745801791431844835192880349897217288 1
407279873163912524343486646946393494841901676 1
617313645401624892464052227226347096019955932829065533753020205585339779174734 1
INCIDENTAL 1
174168923001826032057673894058041947188602612142 1
9549363482047723522295682385225255084608513720106406633464966275709378145660935 1
5011134110012795554020790553928876484323963572703870667305141185935465614396039 1
dates 1
1360778218692535254144583771935549805772798793138 1
2594501770 1
GIVE 1
6315926359910612919108485888968496098014315908230987223766333267833626408902948 1
provide 2
Web 2
GET 2
1409104559374416770 1
3697639975773048985277920560920787846330645798502150899067189279539754085328194 1
5393601336024481447017125531286042005245945659596667739616513230190662881830774 1
5149509141863220008487339387394404640749069955014825600846412710922328376313724 1
requires 1
NOTICE 1
9314993110538912888759932261638883397790531299585084426973156913779915781848556 1
2499250778556026626546917239932911324742106976560473082284930318446400772765940 1
1607964257990028802688143223597913754482364072986870509377464524145462283622317 1
905323041140931720363856275038466894768876997010970 1
8400765166054615537660265187819984733697566907570502922002494298880159654047983 1
advisor 1
computer 3
56213430 1
104203435297641800915507592803138769896333127491490532929531166632958450572751 1
1999 1
30437341420346507374314997858828845895229136718499428652996337101781116 1
means 1
1652238923933674489065786806672342321537012751674084821846458685429618183214525 1
funding 2
9633551462297232745241469484894178841185378523869768267544472464691534807166210 1
4700237523350868061549257502287451825058021659532218811872938858177905727035789 1
1513593450401719557868990117188918770657603457221630639211777231026314287675009 1
9415964995262823025743004001915975128242680213612581748367743077774468104545056 1
5520526 1
2363640912730 1
5407499412061150205464900091758847003071995515741074078554024242076867751557265 1
5280013391796446991954048800316467960953725700286241101314876754678423357935221 1
small 1
7980129990722833481906996574995006272283772989552251711645339529824674672295721 1
7630240045555650852028977769229887492311638629018181531082647907342532515592291 1
8156727683273131804735347968888158518563133946444270622614225242653995114517210 1
7676988679623762506493993159708789822638766050729913938525211236824133786598207 1
before 1
tell 1
replace 1
6230331314008122422463051367099273933311113172059726718966311854174867477988713 1
4431604983174665957920693815755227736013545929781603072985638923688324355299338 1
4338325670662894789508966565337142721844903092886592945025900894162911247219665 1
0909757660925961204865010764157357677339640679419801075529375841405834200075859 1
major 1
8270676379026329737258680437265409027141273365440974202940525915613066356041259 1
proofread 2
day 2
9458087059040520529706556642732809436335612822769043297715578151918469336944179 1
created 1
6427779098365437507305616305362781380454564061816924172919267953096404228065257 1
Why 1
particular 1
393389493439935134824091841192286305942324805882337236810637516566 1
3998425945469627545685623200550970324534080404065484535299953386337281009271537 1
803678860032978963755490540860643475115176334382763699923937359545818908801222 1
KIND 1
4277269279349192541137304400628629348327468135828402291661683018622451659989595 1
4979171133539537862210662044736026621541679008373532300695155313150561362479551 1
dont 2
INDEMNITY 1
request 3
part 1
3689195485549034896739048772957452300802540981140313950402803786459212279023896 1
8298403338603695989231215167692521223914659443461688651180043473122600527834618 1
4942399883879329051596664648871055498926334411033125995310873151284771962309916 1
point 1
9395193173411370422088058940123720113875828797411348581899556685938975754080936 1
browser 2
0233027890560615096594286121865475344097985513522508075159945576230337432280137 1
9797729594081307795911125761034063373560371910341119307145118793762233074626775 1
5061613480173832252421790034503318509036471174588378925659998182238642696634535 1
7955248733312825214213137535912179341550821149653783416745278428453641272432906 1
subscribe 1
5338943528995151562674033920875868237506141659719595175929045869729860277010981 1
Only 1
2645901718707177256336357372488790151512545255931686884119185548406677655916905 1
posting 1
GUTENBERGtm 4
listed 1
yourlogin 1
someone 1
2557602833521189158599030670653044302429200521250792329717629531968392422269289 1
319533631363830011287103352796174274671189606078272738327103470162849568365549 1
neither 1
1618710085682587608580935602129709555120579837002849041396629887964715888438379 1
7516576700934489467968314826515803529642096964263218833244496832402516981197500 1
further 1
mostly 1
underline 1
Texts 1
computerized 1
4029904045498683920274785904391711886368296491226342074760936891789529952828353 1
advance 1
path 1
1578 1
3826877738966926934954445193242277433089353131613199350996973875770143586999370 1
Simon 3
0703848766095836974598734762472300638625802884257082786883956679824964010841565 1
you 42
announcement 1
MEDIUM 1
past 1
4955313346203698994313311897550498332426841700731679786431087060191663246884471 1
opportunity 1
8465878410619882237596781152380489370724295257792104332503696582825373077048086 1
population 1
LIMITED 3
4156310859630089274744684862265845975500290596918123665582220429778397569235238 1
4348542049017152921730915755919270 1
4762880028289167635570012415606941367995702212211519561707046505473575241 1
8630929528035319738608799300328990293425781248543253851995627651215261032135883 1
trying 1
domain 3
7709321041217510 1
7789632281425987720420051304810543373657881574797353695997625625576992435250954 1
8716676138762899471522592139986413243594383671132459785102770025622109222882091 1
mirror 2
1716726769011532100721830835061033951375139222740295641505001352653081481973585 1
5160608651214203178715194330829602196319299830498255481024809653516681647938371 1
9026909536537380710986179870523394940084372942587439537091354986020906075076936 1
4977095844232222346382927098990175046814460917151621964890278463871213037256971 1
4018394330772429050916553981576435425458416217690946397167518935169971718945495 1
2000604642488168193412921624988926970118268805500130 1
THE 3
how 2
1548966915304264042357190458361544670768742732768201854020629024374179304615314 1
8124096418513143986522076710718000261210002513185598345638932384376831530998916 1
5831963211655227469096364047000879785191356939385161602680269994879257080042651 1
5223206104908949348483694397053700779323806598166397483624967026385155584314813 1
5168923660953486196733374905502804259896914090928561770278468934278787386406331 1
8300942088687575803158770352778902946800416194092364129368960809507136675944946 1
1179057279021082799884123351249215083775254949669647116231545215727922535 1
3329059834770705552249125131464080432069390028121522426230921738743843126866687 1
3617510 1
0761587856716000690131098571105908045239988081704908481660126863809763243757816 1
2723352199884411746657116444168170377882223168882265641892084901752398169649491 1
tells 1
series 2
resend 1
8601113538567738331854253050624173101847623079680844557469933252136613293574494 1
2100422012871119726280972153082552774282015316310107675884741591238987329522432 1
2972559227178500933186269631672961257924559861556181316250766544838706640134332 1
1027825635381261025084137509518564962560728450132223539521526948817353636181702 1
under 1
Montreal 2
7101515394269857927227651139631987730762330387103053323761608332245274551978437 1
4998136092905829824320579449565672374816440378174873057908633563875241743127759 1
5051089562633497681014156041667262494528595374215749717417206823972420875437721 1
Bernoulli122 1
Bernoulli124 1
5138556835591137678941990682036032292027027272773255486679710531752375956849573 1
Bernoulli120 1
6830883071638325957369194991055197776850603497527503600109515880553950890416293 1
ASCII 2
dir 1
12955859482075375279894278285385767496593414837194351430233163268299462471410 1
582300130 1
724698836210481842793318631553102 1
hold 1
5278502730815274946735504403576344305962086433603582043712329571511656576075090 1
110725230879881321879568054811797526267115166186538309029826133137308115277324 1
later 1
legal 4
8875129465586234092629175800592249211106320935394054787272761311671502199224520 1
Bernoulli126 1
Bernoulli128 1
Bernoulli110 1
Bernoulli112 1
12970953495017491550740259933329113663675010 1
1231595751183827317621205413492439007087923974369830716020782858136594250666591 1
2001 3
For 1
70742330291089070573743978 1
2000 2
9102340373723482996983265766606390143860966670113764902836475227042342140853703 1
xxxxx10xxxx 1
take 2
University 7
month 5
4800119386014176221640220454426941644202670624599594997416757514254570930031264 1
final 1
Bernoulli118 1
7365030658978615168275599290138352468354789757259008089648541137547348110439089 1
gratefully 1
0902476831330763618274617948135285949957728028695870688501651855365293214261665 1
Bernoulli114 1
4580025076608606245689244483284525608083767962245418996857568217934343211388385 1
3082697316438828425796246832366892982886259570159340208520651863331205378192995 1
7751356391407473035208862841761173489205172040416753626411623999255765766532917 1
0237260779734863124701759417935044463305149634047250637472301993656496128255814 1
Bernoulli116 1
some 2
Bernoulli100 1
8152497164494285989399694041087509194064920210610906678866380762788743370112481 1
Bernoulli102 1
3473211309077070359896017274789066550552469547698979828077256389389589765286385 1
rather 1
session 1
additional 2
Projects 2
3708698849729814044608882728557732330801864852303165442465411683644683436319692 1
title 1
2626686052061021184301959449530583873153195896132630798531898116743386445899393 1
1179730182909494636606795995576156560517060235847592695182729113023238975218843 1
states 1
859084397240393125311879923970 1
Money 1
386983998852951539355749582750217151161200569950364175370794716 1
74864645574223075309564129905544107459811288704862611330 1
8168378810138043832891536358769753916174695061208903056552776976154338169779827 1
3333 1
6504356150965742303158590029916282708649948973023160673477590749360021799996465 1
Bernoulli108 1
just 1
Bernoulli104 1
notice 1
Bernoulli106 1
1700038574411136210559247112182015814790609699737748235435506552210152989850297 1
midnight 1
3431231147756552314965623713560781653347722716096951764811347541538840718438 1
permission 1
1000845067571612384375611707520832490 1
4694299550948828465080397683633716467049473386655982976884836350662433481896141 1
7486956789086041802726866624494930867935809708280938790 1
770937004570847542710916650565931789612450235859854061364164699012203056638918 1
6096241926858841239939685011047671843464779390679038465124395229271596498987619 1
print 1
5350438921355494086085728775139633845303257581042481331243929599974858490046631 1
although 1
7727253935704683264910831873003319706684490415942960730652766928876787296911149 1
4897592306597338057209191710 1
Bernoulli166 1
Bernoulli168 1
Bernoulli162 1
Bernoulli164 1
royalty 2
Bernoulli160 1
0696883786500399759308075144882184008248023432975450281978336106603716700929424 1
December 1
Despite 1
54704147267988089029216735353410079748142 1
usually 2
text 2
letters 1
Bernoulli154 1
9195576374240102808595115759449145109628358599211511306846046027111627976699604 1
Bernoulli156 1
Bernoulli150 1
made 1
Bernoulli152 1
5226961260182379836593297005166967391488413519129571745257853154141444291365915 1
Director 1
CMU 1
GUTINDEXALL 1
9576909376350483945372944159721224210868774785339674113489944741713882560741450 1
0970433546154844146996383907171442617576638221916277446617991732222310 1
EITHER 1
contents 1
Hart 2
2084685644090246435526633192173012792794565995151677276251506064500189183973658 1
Bernoulli158 1
6043288757745179230747108219268158244213583535560775121257993743283335146172958 1
Bernoulli144 1
4882582217920150615320261296412657655420294950882472519077107436411891314989684 1
Bernoulli146 1
1908717980184709547885060218908068568000776767834360070429300833879662707069272 1
Bernoulli140 1
Bernoulli142 1
Right 1
etexts 5
3908670727931411334042350252815108953825677465729289506737256043386826128593266 1
2947577968007519815003168246395643465584343043193237880881635998419368585273823 1
file 4
188857559015849599644010843392678895885945044950582706910852922191173760549109 1
legally 1
2774670692305399536165345325498984488273870712756678571647877650072531390879445 1
0785951744116938938827393347351425624180158646 1
321467133590936589398380572003196190798000628347443663674019204361034039315014 1
7934334489084905316976607258938295196444541399673187582471353770254443521700891 1
PURPOSE 1
6514041322052136702614252272224862643041825606799630387209499955794229337966949 1
9342178443946398621218761611821257826296629667988748410479166853105216715539623 1
769496271232217048566454403451119653773906354892060893481293713784107951847019 1
Bernoulli148 1
Bernoulli132 1
Bernoulli134 1
may 14
CarnegieMellon 3
within 4
303940201110 1
could 1
Bernoulli130 1
9913831518338400385290760913773448329773518728092595019422753511174189569 1
8168843323357732912745992876511360630017664883210987513988845498732688663688098 1
0965012832715786212127558766604029004745230385994288594904775640424703342 1
4603784299479457646935574969019046849794257872751288919656867230010 1
agents 1
machine 1
5646413644023523531472659729552574911763686780871700375627426663366507837122353 1
3842947995728027309390402531995056963397949339512606 1
6169848798193251300057957776699932592960622329147266422457617829171374287272312 1
7715020563676318491207223028465413318847625119271235350352217955302858427960756 1
6418042712834671973954220336310692060343618525697088254494779404204319481511369 1
Bernoulli136 1
return 3
Bernoulli138 1
3260606235276851195099437047707916012280054709370077715052312896011476347066426 1
codes 1
fees 2
instance 1
mail 2
use 3
2208809071001560270930905476873636208670386352442356434023554492321216980902574 1
7667911905994660612801426727405857016369478975343612604515822597586918680048758 1
318268821678472690367952641359970352613261067423935316312625135469516217395381 1
668923052992096071568118182416749081409138 1
2525229831372142541089818 1
5594929357019481159561753977543230087794813108450046976680374590533187183911817 1
13290331136780980379685644316 1
440817364583280272969870 1
calculated 1
selected 1
alter 1
Bernoulli198 1
Bernoulli194 1
accepts 1
Bernoulli196 1
Bernoulli190 1
equipment 1
Box 1
includes 1
Bernoulli192 1
sort 1
5172160792457229376320993686817755409436399268291095350295968657381088168219133 1
lists 1
OTHERWISE 1
header 1
6410392579249977654901546226138255725682890165166445534326211967788770965050606 1
3029805574990778746648875041481145224602577882044867836997275005081386896410800 1
present 1
Bernoulli188 1
3994775163763305088891021061630677200039733393593143027498574533156207727067805 1
Bernoulli184 1
4258838307066367023610840523355688698436281986262212424940765387676142291868035 1
9121216485744106606795297193497533293636752658306883487598247441530912222137154 1
Bernoulli186 1
Bernoulli180 1
Bernoulli182 1
Information 3
tilde 1
4136648679872229562442093558045531320107373116198739375526177730135140763670232 1
delete 1
181215287752963297591649028858266281596159320543301504003425598637697061538040 1
hour 2
8638700500048303589821531561282153289216788270907640163071261596819210 1
208445665363981253014021235537461891730955282492585843088631379580560130 1
623186255296457235165320762730122440471410 1
Hundreds 1
physical 2
included 2
3523779780215482276161752817270001573106865754709267983609554304217968136499196 1
Bernoulli176 1
8605120693482483577762003279580322707699760471279269534859347690610372106577357 1
268093220003955971880921626561658972270 1
Bernoulli178 1
Bernoulli172 1
Bernoulli174 1
9006984137728812640057612823780541560848078401500756860998000273851310662643557 1
1669348238710361647712578179757979414761992440067232917335164055107920780363262 1
Bernoulli170 1
STARTTHE 1
structure 1
7877656996868039998308960063096834110217838077771363058330614010356266902742455 1
0646709957428032166249059917375958318607417675480137123914676205203099002413192 1
Plouffe 3
due 1
2884759276650094186013272224259584433367802183845217969121665253431996536437413 1
0800453453098222545233027736231153217461521968565187309136079630980890093898079 1
521850747996151380189059639242126136103693562431225832506537914329594830081204 1
5683175611528696607080062478072501820703250802520963611339740016328084145085898 1
4802818695978402723455508336525572007924797995088668996393412803006736971627889 1
REMEDIES 1
2428533725140323939479047999949436682248001244967154707104896269136682582392582 1
United 3
about 4
2720254460591674640338146619966553429024046780204638986663636233667086370843997 1
Print 5
8769216401026017603831682730828013247880390555648369014092342980022539957820341 1
contribution 1
sizes 1
above 1
2973291465200532630806903829904687722816594748928577539823277555432682165499728 1
372182298114796354347362872171816038967539589743750377922680786048256669121470 1
10 1
16 1
43488099259782903356490457504062918241873906538900130 1
EBCDIC 2
LIABILITY 1
received 4
PROVIDED 1
8896215248792654225922031690989989936814428616639799004585592248516552105228745 1
something 2
9411111793857968115791408542448654532635534101776458785227188431801015221049888 1
0829463050369195924100934681462677996141725794840014638901114092921099307567106 1
20 1
3612892606305609585553217399146247779968142926089803761775862298594171097623557 1
0221133715515127613013536686418819433156406738624119864020847059082718330372484 1
22 1
17886353617114632301659528571172263999099616730585701768348832716 1
2369814649308935043228021398516266995926284111110247054687145623732369361843591 1
One 1
525583941198173749084587321884232599450628448598711165788748886648206781 1
1752516163593431685958581086241677621316796814169778955360250037610075989131772 1
158158214411002 1
long 1
136934791048670570764562136251282433222036077447659434835693871536660804458861 1
into 1
unless 2
8495969786302720313420241946898714679161868981927712674389822287105250798869562 1
2636276522059566343973347678362590339657974928808786150211385800610012387411013 1
0177877446417556715711032055230455854240595868388654451080202675047744244991416 1
6021299387762599572352567156747373223964524139683333489545030164669822955224449 1
5373842725501345625808090366893466647209730193061076367422321655032236938841399 1
free 2
30 1
31 1
But 1
9929840772402313518506200454421589757524762094379450039212922572896559061121742 1
4853721487927435823390089679208323886268818820308870377103259885100640557295098 1
1826768817153635265057253533036981817697995193147742759487278301874989469915791 1
3011885126705744099735220397317997743322842379662843867012457485654061644286810 1
2731159249422400891958772771702111459554795376045618765306635220614914925481716 1
178631832601908536171004558032761096296603555642069337022466657948224618220000 1
open 1
6814077280766553803448788712737779201122868425785256450531121303233116813021906 1
0870594907474492959693263224135868826281372617495874832002579718819122430353590 1
3288574272791325983707258196648395370596305758341699742238893225440550539879910 1
numbers 3
55153667812035526001091671270 1
123005854340868585419530398574033861516 1
6096532390599319570627898548589644059563677512384767934591084504671416330132522 1
123595612458163473336102111542838674764831835495331502431774135351050074096606 1
5144540895862924269878096526376888988896473279190955432566511173411205746712397 1
20245761959352903602311311601117310099899173911980908772810839324773404310 1
7372327628078279899387856837650276527587404946863334747054547815416881582727259 1
beforehand 1
0090669234292333606492817972454637079110995697480078930395170959989224638658296 1
49742 1
9338500087933719821355644779439843478235265473856312202262464296786457145438381 1
568689887479725062546595969356838834637165735244271465973763661719818022334876 1
please 3
look 2
modification 1
3688765109519035939597863170745089770155218010432667512091960969482056064803047 1
6912730 1
2879114883186609620826723532068276104139845449825894019948530676086618349883233 1
212991147880947573971537067247145364132920777752220091972964875702763685497676 1
9669475532698070 1
THIS 2
1390358169162580677817506415301368395261756892368319590482549167156259777839484 1
60 1
4708181368529492614110644197951837317202610608341257204206693195241245204360822 1
9643784461912885034984352745012134324851266880718011466493208024572308839966018 1
allow 1
183994704284560509080143331178864945957306510140556362887227174299509178095001 1
1718682959908309284048987253429549866158169260473899283324734840555471844451471 1
Time 1
581551304048486668867230010 1
4266059653621241318840763778221635339312999545256821971375091832344657163446281 1
267754707742548082886954405585282394779291459592551740629978686063357792734863 1
19221697051647344933934772479785080553486180327045344737420846290236754686 1
49505720524107964821247752566 1
every 1
29299939138415596 1
8012456296382730908464900146964812930581729452255732499201813217364530626290229 1
76 2
hartpoboxcom 4
23783266569851963960624795708324080130 1
8507164880269714807470225801829319408120354727523438539994838164560129575511208 1
apply 2
Title 1
3600814746189709447821507079960920412101317160689806936226622681106017510 1
91556664782168465095563132092311332073097630676251482491663634626858373281190 1
money 3
0292828963830868021774140963898080446961958927794750526681977409210580806334902 1
185611066994738826838936104068976402746416046043667192325313117685322408774192 1
9255018616038851101990624959298172448640467652403003727820709423068089313532982 1
0004069801625217284925019175980127114021635301665169911151221313985420290562869 1
3089816668030790992239717499457275164513815414692072356653908445653642502944394 1
comment 1
Editor 1
9998668693505573637224584790043958308479531692401521180304829729848562541393432 1
2007567967360013189225484557699891500723386807516891972255376800483482791579348 1
5059083616022905739177343532424279695920452691897028237708410245697642781733124 1
15053813473333670038030765673778572085114381602354686 1
5077141601872154192220711933362048083101448836843985821242677046180932418707999 1
9843045197724124205459703692404692815206856959614667498156439854860378606039596 1
969985640608279374660130 1
7433378205465388942374346921315265579914317310442168171995314028009953929567334 1
3169736053673611338047351599358018820496680832320177208166869532131642597750371 1
138818277275348022452425954353842602329478112011984076676099395045629725653753 1
Away 1
0516419921212830316201380950669071896202429509916122408216700391529207614337322 1
90 1
8560279504541320374184423042635861675985398329422741182189709234833344612099575 1
1855801654249436066126886759733117654755483194526394048285540977346778871657194 1
0810821134638401504398784405050620959078178604522534346004850435218329820392171 1
preliminary 1
dependent 1
945980378191221252952274330694937218727028415330669361333856962043113954151972 1
zip 1
190650290999788816612320192317738583356772903915141314387627187059905770444593 1
profits 2
still 1
7005594348845404064852996320133446903527008500489356136774933641526013474789769 1
8425138238530710252585175316218097390905698054739393609117605669741881868029805 1
work 4
archiveorg 2
arise 1
400328625155666876 1
1387367483292374517063654749340797477881203178716248439692220358424509936387526 1
1977874255951201590147514647612314156424329132790942850522708114929089738480080 1
agree 2
65292899247530142693287054453403965482034175331651635762 1
7595012775838387331550474751212260636163500086787417640903770807353228157478339 1
books 4
DISCLAIMER 1
among 1
114437022113333284471871799429918466130080465060324217317552581486652878322649 1
4202152324841490851582198491734154054898910989229835692416027795481485467411812 1
math 1
341524172892211680143300737314726351866883077830876 1
word 2
stated 1
refund 3
4535049728315239205021018362829154800039522502549714840841943960634084990270225 1
donations 3
203892095573216670456354467587153929853466454883234459494041921103100468624488 1
damages 2
32456131056504444320853157345201138 1
4581737458833163463691962707616413251768387381536061759636653832166267249693705 1
186387899520485901199504534184815606618219184663590593751871532065577595817436 1
0551352598954161072734269487975002328972038530717903938851164651713938759766736 1
expends 1
2465508882593537270768719604058519990436526782886580130 1
3108782677380853799729252550169975507441841656878779871922009807575659278905966 1
7437173051978514494 1
173794233423007364057178441776478220477329295247992746246194028033098955394598 1
3192865790709710 1
7305704368472385273922040800836707137461041231809273634503655528337433968870029 1
damaged 1
anonymous 1
cannot 1
4843581122951856007335032111838654325703645437152885183322555451409949723469032 1
first 7
227778296274954464778619309384471000058456114552786104359486685207159644007658 1
lawyers 1
prefer 1
0320295481014774768770077734050367942856894507914571711299927762683035011101547 1
466695632025751781692648017848987870271938714890023252252791233979618871440977 1
prepared 1
26236 1
1156474190755449447360548540157110742488736861553733277769463486445670491299841 1
clearly 1
1025971868203802105102779423837918446102573865246056923399277648975088133750686 1
8814505115022247180573164262593883452362474468782982223281207823275802362572430 1
contacting 1
EXPRESS 1
119931227701086178585364433229648780036181560695597948031178092796080391208188 1
25233558 1
589675230297158695281788013755354803752295210138571786221986959795954071470823 1
from 11
constants 3
2466733860491337838213954860962391484156417221996231779563667991333145310414020 1
discover 1
75235996 1
8233230776308094926266913151377871925647720334390123342313810138336493293789276 1
63315657655779698470644544064472947412410 1
2151645970948865302784292066370663020315014124991662636424475422897857232250644 1
0619996814172657769987153562064787727168037101136364172587501644180400316270621 1
1336805315855217266521085253935989334036987065195149797611188289129665000800395 1
failed 1
1059594507121393585616143267506787482916278495501915126623804132940681074072478 1
SEND 1
8199536620000598997613474311722990494049191450530541183487938906501298773685541 1
0546408175983940386761535170339585979099748305443112494908531222700980457835630 1
9275300568570302009860577097868105330198386061748720507464608374758342605660554 1
replacement 2
1154935641027008546909556202455368041926442105482839592034823295762392294606422 1
861584127600514322 1
sporadic 1
4005748930070152861935826766476856180706477227448622268042052745245798242539770 1
3431399087275857901045210724481101594546860129641620399468102807793533371090463 1
0931788677169249364676259458302231885326120895149522010431725107071591063425627 1
2750846479275096027317879898547831700811485138730854440587419393609265846843555 1
9812872414199345296386920815138026966394357878 1
0112990172956648590063031143260600724004347065027947507100488450593390705595096 1
paper 1
public 3
6538047452952053482611495404763075487866804073584961078870988082054198925090633 1
90071607815151853746110 1
8166210918549092653511516542901769788952212342635940974127170135989623573249082 1
Since 2
value 1
PRINTFOR 1
871706480996007465133204367979654447442005318962180320994115476487724257557961 1
9315003819465461683667370129539963984271161088262323838585415747715042052968614 1
3451011251437993865656175552484850145014444202587617378736472160288579064961864 1
85531036 1
6823791719249365863288962981240951731129450241042813203798 1
346934224784782878955208865932385254139976678576049114687000589137150126631972 1
4441363194361026847268909460900130 1
BEFORE 1
currently 1
9981850928830420029285687066701804645453159767402961229305942765784122421197736 1
8803643636479781686345904182158544197937165493888659053485343756299287320087862 1
deductible 1
6704492209548832405985586830432333916222408773176783888913318463868238477758427 1
revised 1
9082097604691915678402522477068760758560907812094567642327670866884913570874699 1
YOU 7
Bernoulli440 1
Bernoulli442 1
references 1
year 2
9665461867517424763722796 1
Bernoulli84 1
5858401058641353226590 1
Bernoulli86 1
3718990613789405608015071896647115671217969877001521538396 1
Bernoulli88 1
Bernoulli90 1
Bernoulli92 1
Bernoulli94 1
Bernoulli448 1
0646916075528778995875263891724422324224871104321292779816866047869594198817075 1
Bernoulli444 1
4175497512823803191508029088188458205305675244351279445756172428826335261196513 1
Bernoulli446 1
Bernoulli430 1
Bernoulli432 1
8562307089700264076891047932443887866093895344106726376456045227910893045747525 1
Bernoulli96 1
Bernoulli98 1
version 1
planning 1
1579214485318416128870291425640987624153304026736765522468963515580422620761261 1
AS 1
283590349417256946575167105732314580130 1
6907340929315838278176817225635404777288904422523050751081148273763467321038114 1
188572988301799749241127705615416162812212213841895020766690762649760470928083 1
424086079420331037606556349236115694998939808708637321471062577845844194047783 1
Bernoulli438 1
Readable 1
0009246880326744542083860763606992730021293301610982289626534661120323000565343 1
4148463655754008282951790355495420734921993753724004834873318 1
0815130184247050714742061741666390823561814548294440724918778705520626940593788 1
Bernoulli434 1
0346621711370121346135534129198492308718185558865166313048808914617330314355609 1
Bernoulli436 1
Bernoulli420 1
BE 1
5629799342199681140702938684706343978231161798181820654631104114299131232261971 1
ETEXTSVer042993END 1
least 1
3272111038389699299396060072044726417701137948969692201263923405494504649351583 1
Bernoulli62 1
92780017205043143542812887267054217968944656636429743815938366731207930 1
Bernoulli64 1
Bernoulli66 1
147260002212633565405161942855193234224189910164722 1
posted 1
dollar 1
Bernoulli68 1
The 15
4151099271123274959037034266094718614366143474374064568380118366384099435819855 1
SMALL 2
At 1
Bernoulli70 1
515074865350791090618439968578499832740951703532626752130928691671992974749229 1
4657557436131706543948464159947970464346070253278291989696390096800799614617317 1
1447049406742874923042262472128490599898339102504451259220321276654363882395386 1
Bernoulli72 1
7212240531590 1
Bernoulli426 1
3732919310402364852372713502561327286031248575977609780892556172664687462208612 1
Bernoulli428 1
Bernoulli422 1
Bernoulli424 1
Honor 1
0079877711278718562344587074715061515078217242260421384373068872143319719392765 1
Bernoulli410 1
2466469270666791566377066677591980435489655129480366457251098317170822303846655 1
0905096937054954098245328282838820612002927999827875337943367582502020545668956 1
Bernoulli74 1
4629903761492496522995402601774926902194612571670206092702111736370165023657243 1
Bernoulli76 1
MERCHANTABILITY 1
Bernoulli78 1
382939382669485144236796360534598641464412319414905512671323836952119988303258 1
7540185166306094852502223738126111951612525627910517501081576202264770178546608 1
442615812201599765691808122866758980149980894097089792430708687025264687594884 1
Bernoulli80 1
By 4
Bernoulli82 1
Bernoulli416 1
7752850694124801781598205133338269426259564611182358074475139266646779460335469 1
Bernoulli418 1
7943559100259786932475830383970536995316845412258295246742979426181833225367398 1
Bernoulli412 1
4121255252316276625903081894890171319044022983838553037495237790938203023796810 1
Bernoulli414 1
Bernoulli484 1
Bernoulli48 1
Bernoulli486 1
Bernoulli480 1
Bernoulli482 1
official 2
Carnegie 1
Pay 1
Bernoulli40 1
Bernoulli42 1
Bernoulli44 1
Bernoulli46 1
whats 1
plouffemathuqamca 2
3958080530292881335344014741474076357822 1
2586 1
Bernoulli50 1
8751649549222286885339380268684947173053181005751121488921877337975992137735046 1
Bernoulli488 1
gifts 1
Bernoulli474 1
Bernoulli476 1
need 2
Bernoulli470 1
197154956151549804594528170778135872520205241882046921028710037512440863505288 1
Bernoulli472 1
Bernoulli52 1
its 3
often 1
Bernoulli54 1
4830495205607002498581775678823997890868243835534065679182295006259079635524124 1
Do 1
Bernoulli56 1
users 2
Bernoulli58 1
4520710766325936895600819434580574518875433796519293151389916795779147962584026 1
Bernoulli60 1
2728274051434536646762999012824277462140027760164292899927345969416470267945428 1
1262786340764743836543650366374180273258073609841543441787781675688541881984249 1
Bernoulli478 1
381941047599672080737112846710452550475214292043961489807059848367436 1
Bernoulli462 1
Bernoulli26 1
0334726176330024986667395407197260672089084008686294716524294580787684846264392 1
Bernoulli464 1
Bernoulli28 1
production 1
Bernoulli460 1
directors 1
choose 2
2781825209799628261527492591555049229691481538713081331723845462120745928641410 1
Bernoulli20 1
5959016239951890193486758232537597591642279654459920857716018601998378015710967 1
Bernoulli22 1
4566530803785443652150664665969869536013859984325545357091969172293504784492214 1
Bernoulli24 1
585016197049150516429606755440285431916223316191798033687181061470667150509536 1
59312368828453688417972133504757523704888418645741605357575301183566273541023 1
Donations 1
end 1
2072705710402634419202623862420763420569490478663535345142669800244123704342201 1
9044102404320708564462639239792995000924445160289688035381048786725398149812361 1
3879732438980608407229360095903011655438122640893141975156888387279010186446870 1
Bernoulli466 1
fails 1
ABOUT 1
Bernoulli468 1
Bernoulli38 1
Bernoulli452 1
1124251816617941290026484851206299982774720467712867275292043701618829826708395 1
Bernoulli454 1
identify 1
4213986136511779076279539832275546238954087649868632551993338602454299845646750 1
8863875769571341750400230 1
Bernoulli450 1
Bernoulli30 1
1921155240250848138122279301631232871455887057274294567790829683908770938979791 1
Replacement 1
Bernoulli32 1
Bernoulli34 1
1187218152039848812669714975734486140861915546256936177239716838501417890645654 1
Bernoulli36 1
modify 1
GUTINDEX99 1
GUTENBERG 2
110754162756402172153014550168566972984876925083693264831143127544432717811904 1
royalties 1
Associate 2
Bernoulli456 1
263152715530534773731919190 1
6129522921698903924225094098894493975355342495202583967070268649960491527425425 1
Bernoulli458 1
copyright 8
907157259194058687555894358087811938832100130 1
6412986125572849261353785977266554620536587240384285146558861694196601835656518 1
1136712582010547178662265701699764018503602306596996993019630577431663707143392 1
release 4
years 2
number 1
tried 1
3290054075335219507444491098072158087702012477249322314952529816329080423713079 1
9389459507761417572615243777557855783897943907134004242049552240642874217142103 1
property 1
8015015179385255873602918987636309673620831503560016764927346467813464622970816 1
6982520482120661127399025066364738126136065995051973573092520211760615067217012 1
IF 3
373701814115510850210589288849128216583748953148893295176850712718240973132847 1
6164223940290646509705984881548422992991644255618458312931517172972824955609103 1
1543564952863119764521176201972276766112207895806421717733622588098873795574046 1
2078947371156216503110166561822565432921047360528161969691806131624063485798401 1
8791782998569291002171788915241595436738037854816075409545330575605547042837183 1
IL 1
0049005629401265156556384588380171797824335512033857360319946216406263295844866 1
110407438267904044932245764047490655956467403301201804055276169397519662339870 1
4771133330 1
distributed 1
IS 1
IT 1
forth 1
1262073704490981856183285609035555562401688731960526176299768957106264664974510 1
Some 1
7368521410 1
4748754276790617501738435096855283531518261466844055352065049361360267960303652 1
EVEN 2
579925269860885370 1
1312347030141906500993752700612233695954532816018207721731818225290076670213481 1
If 8
0953625752949148152577232994135529874289306254413499764831820635657933844082664 1
other 16
MAY 1
314047405731393870136073238990607884611297344032678777408390794685221172163370 1
9510619743140121735789346089722138141066738563604926458338074963177669112159201 1
7872499730827630253193345884471662331289551634330620802493218379065535184410296 1
6000974261450590008850917078837302467933873245496565785065204106007831658266597 1
HAVE 2
exclusion 1
4999174198988545409225388966089275443675963590452072551977162279156780662563656 1
9928193240796699781588872703914400117719478370061890074078263751656225642188368 1
Gutenberg 18
It 1
login 1
2548032479902806701562176993971844341971211085796540917994745699497068700513404 1
2563790676659880888913476690687085717049106972752285498760411014020216570102805 1
305024469837360756503515583690172635740500710425656676188419185243485103374476 1
1584451495144416428390934243279426140836596476080786316960222380784239380974799 1
encourage 1
3704176416497732038111057924215303173499894345531766110306313227800377409219209 1
disclaims 2
rights 1
electronic 1
27695910 1
4744647866179074301908758829861199380922484355941243732828725677985648233775482 1
52379233649143825370 1
3320822699283834465342129392489341643379455851358901161130937004156377928687672 1
Bernoulli496 1
0106860290793244796596346423848090617113194810200307159890091405951705569561967 1
0284981461652527394716025666245831224350761218448158637269371222673295557114874 1
Bernoulli498 1
5107129158104362387211395469635586552603843289887732196880914435296265313356879 1
Bernoulli492 1
USE 1
Bernoulli494 1
Bernoulli490 1
6569285838288287174399415824498776226697074299069342885522782914715189138245709 1
6178377910225560489116748839886969453337695309781684455928141552611581080216941 1
6495287564849123342843286211825800198337962453448529082007644439295666002669973 1
6713493089587220775607893710741660512332309274991118076352427194097515731256809 1
79080286015910416480439898963586377241790618586849052317801735190 1
10000 1
2867103486123224635715566628419901003148442704056714596051123460682634021450708 1
1952296752950967858334783924239580399180961944584033318498429180899446799879356 1
FITNESS 1
9246391274438233860145145026828827167093338865880475567374296304277379788912502 1
cessing 1
1903461482978315474317326070917319421729056589446455762339503516758597563678332 1
554076 1
6726613124239420112267088825277206485642395837237408261597068559738699173717984 1
432 1
copies 3
9682713881995957547522591770 1
etc 1
8638126463928018636866941068057473353703129468314206930 1
5916520055167383158922400486128739977249726236354738468036532667283720083951543 1
links 1
net 1
679082606729054956240511175464036056073421957285044875090739612499929470582396 1
2192762504813321994018595884981406242206002171583618182559028568019214315784771 1
all 8
830850932464993471283312478 1
new 1
read 1
markup 1
below 3
already 1
174611330 1
applicable 1
05888813811597561706691910 1
real 1
expense 3
April 1
0696420569894532384921948994645341945759842592117787774747268259072763426796079 1
1984670039590742279929660651924836984103042578319856732472490503675332043765960 1
typing 1
2100732276650839136433131336422203561391820639763679056925031116550944101094517 1
40124329927199255220019114195299282970057438541846727079538864545210 1
148067786867881034706213581457472789049099645990315390961261179176813401590890 1
NO 2
778920925563520089023277887716919839298513486135455047496265119151473505464734 1
5243555292713915130958318338340952141414132018724435334652593385590710602765340 1
5927075210556280277082761658297056708380640310685745276129307990789815786767911 1
and 38
6087334290675173837507062994868227021716725222031067309935812427778258642034872 1
6500483812442237014438941335293944750087907405849513426436624910542114024406950 1
OF 6
3458317167114165518201658019936448544962973243846954250115368951795790676303616 1
ON 1
2032064757985570592549670176144846580835479581397377968080888816781876496470092 1
OR 10
hartprairienetorg 1
59857727373568402417020319761912636411646719477318166587868841610 1
rates 1
any 15
9880300563526920600913900347892060168169080524563821231026334630 1
3526228997931514228020666307907732719590786764708834322230980119991972979670485 1
6368886588855890529015573157270243329857473927510055032448029799766753973277733 1
538947928701982885901220044234332619235550901238216799744422193949920234058193 1
punctuation 1
842902263433674051312875780603661936493366123975474357671892069122304422426282 1
103110784171582925834346391191203069803301152693724835574305668967469760272354 1
NEGLIGENCE 1
0042753824989941649236796441508184505583027508852340588600466843815569548789621 1
8735956006205049344045722103544008922604669601469021912275106915663076431336096 1
66319145189179510 1
allowable 1
4405795632554144028686794686434437254523165897512578873435193473769624127965433 1
4378432403442710398247642246902212818749685974336641529240178398124235555437625 1
annual 1
260129842310829381223212057111061370257368363088110994209783210171469302730056 1
using 2
8637420436998154407765681116398814947925836989520074635968480325415440112462267 1
2551919229357426105082809664626440225408396198610910490931293597990537815431954 1
1308486565872027108829681366042321045122010752931260079598639441305519860190104 1
warranties 1
62000730832490 1
3102478136596263330170177308847084162180432820100802012999695554946757321765958 1
Refund 1
WANT 1
8884116563496393911506002791803756925372034984042436244890477408434546164564440 1
1028346472546859119172658189559323830933137225713885390 1
131142648867401750799551142401931184334575027557202864429691989057404761410 1
9576460033941886621832268128526690181797728456957304460454187242251773619570306 1
1716668749347221458005671217067357943416524984438771831113171390 1
6674537196192952267180837549901710490935337309113676890484857602521544773316821 1
806091362683474257075373409962539352610011434 1
255351092222416989726941731939735187747162421782658772342790781542183062881904 1
498 5
Association 2
are 12
8700476292561495266316421750730681754426899890383276767887403267480686627676268 1
596745356619313282592014726847135220554331288550298 1
indemnify 1
1397636592724713785397334372991707306538931885461890982390991361955644690371434 1
3513006656860950276684281585201054902456125782263083320640198748322382966038588 1
takes 1
76096794055377395099735190 1
328949098643589880393069954885188400688053747693113098130746708516250480297361 1
Inverter 2
5818572950688941724489137138548266065883489292508958450183325347653774440028386 1
alternatively 2
7175970131771602894568516495986613037151863666577390670765165933422564746168996 1
3874449897651970943566256862772587598875290638840634417294644666953048171548797 1
6077036706726455044401225578559120921795944351508096992367201543994966078858397 1
2935130208207618165362923407728954132436164579314674396243206195453246793966934 1
such 4
335099695603109510776733003851829391731202182334648782942521938802161744895931 1
8852791486134800496840058101053056522054452640033954842943984390872119634957949 1
6235493331362953065136196925332392537268524281812660120686916907551456071718059 1
TO 7
902526525366476 1
So 1
8963698569487428146051608207528929572430551280038645629924190704927063667946981 1
forwards 1
through 2
2063181221280972334965193338438214107578486417026806166184210160001817890901 1
923738829167798527817091671270 1
6581652528679172885434648568672742027529256951131154558770505288898896914003133 1
882313017972956636476125036 1
view 1
incomplete 1
either 1
To 5
4349495505700142239123902982043714578671787314293339023048726217119025452344630 1
5861486207257531899222760762747086758473894396360217594584387656887231071811145 1
Harts 1
those 2
817180860832626285107564597536734523135957103961164675821520905960925486991383 1
might 2
Free 1
8163060767830046521926161335277747234937493944615458161377516766911656373639449 1
Domain 1
leaving 1
961356444272853787877505472139801483281917927313694930292203871994870 1
next 2
7185680746326721394047758506738013675034501343416287376275080582753310313552468 1
book 1
edition 2
9033081150234380435180592172958769468894953076792547254749408568798780541041050 1
Bernoulli 5
nor 1
192713226756885919366 1
2081324367967019740265786459470036224833310562873557450540774875219432921036336 1
not 7
853588113293670776826778032820701312328255930 1
1054364681019267121830159662373420279818225480653781839149178920561555806813202 1
6408089123503561743780733337153307953099129474318012960355144963059569241940504 1
3952047027577963159032879813628320965362372174097865200942 1
now 1
statement 5
trademark 2
5255323436878972460344283856731814144161565525767681218723995255421790894843807 1
828028843717123593379842741228611598002800191101978885558936711511366530 1
2694866548990880936043851683724113040849078494664282483862150893060478501559546 1
4823754535455965424814076260123502512401695668857105433170992751156883320955432 1
estimated 1
We 7
editing 2
1473185328088858956587008044245321423980421702399064267619487899740754606158164 1
8276803863555856827022911926926739997059573170366871275264886612082 1
4384324451424638323174387328225828789233634042694073678158723064499570405433500 1
1422002155449524574622515517283055458627031464716474833941385057429898633362315 1
6862242849606975947076539483777341046657860376203296993121539300815161693660027 1
1617060632707627917447585892933263762024749817972157140412281049760859739231034 1
8556305971042614200131081860430027855591110488355718632533315391712433004836824 1
4907080603457181684829495510650082969763523418121568509124607547937732285987430 1
9211025115849670614254096564246170554453262384472539133699367436058609043489926 1
WARRANTIES 2
taxes 1
5416765071482194437630416545142455883532025709379623773918422191234979559992742 1
3296808238283621621206384489731250510555262637883050401445208843392623999725828 1
when 1
7863197960928934505546950111939500837911809651372358963456887700479992720249586 1
explanatory 1
collections 1
2272599143599192048500378488651642094915140827440375089712405308604847080970538 1
2901521943879321373403686342611036062390075785581242602354115977490536551875669 1
8036813020229062675066916989178254799161955591299056486170972788431152654760791 1
case 1
9125898751654032498361156975864952598334740858904573417658927014305850902639224 1
n0infinity 1
Bernoulli16 1
give 3
Bernoulli18 1
Bernoulli10 1
8026473917050326721254397794747178011882474968791739581288424615515764616683607 1
Bernoulli12 1
5819066290814050483578753507554646952863979076391383441009893119692913361907939 1
Bernoulli14 1
0840632238599715260765992393585071636995085421789432768541505622906828564235089 1
Pages 1
consequential 1
188406321746538358649682325835415560844246076544492383633508163564547804099213 1
233067620361809547072399023037331827099784685803250931492390400516341497452585 1
7166297199227803718635017327129106772267303882908387852147477304410878976249172 1
560940336899781768624912754746410 1
57283209360981947454119991049918038386656586996507276593494470 1
3795370 1
PUBLIC 2
damage 1
5681460352445932378792454366478006099883273862981279429149811312127273076915557 1
9976365444693844705084679004587031711205053444484096877881567670717595463105972 1
receiving 2
5827954961669944110438277244641067365282488301844260429140100870 1
2136323931737361785421705043567071393635797855524677946090221080900900953923217 1
9885445047817539101033800035379175138326867307200093894424651527738613214058325 1
1699094881049180803660482733644591278636224534484481850814754420273709821201199 1
2106400974943160605739571810507050337114409751599167906471400307782233953490003 1
4790804896913235295977693771272379103266261063536396404308626627582760371558183 1
1104849723394085108222300354124301728909256582301520849549038261433905888543184 1
more 5
5462861289946523597477956145767293009011932884683640983519214258986058659907377 1
4166161554662042831884959593250717297395614318182561412048180684077407803317591 1
inaccurate 1
wrong 2
2567865610094036531542192311798685900713287395549217317410664958760801352234360 1
7509668055892683546318815665341535697032808106797631781867079778636900617376382 1
2970222046874611811668759017297732677780722614847363482896458529432256036122389 1
3356637990999976607059658190271101386708876477455968880271181353449021120174672 1
88100424708081153129861012258906684092334487478087287050682619817914621688942 1
assortment 1
fee 2
4342299722544020404147351818763644224133262180471896777520393840396571039563276 1
used 2
1635313026317983464924228878796031453114956450654475209761451384789902062977670 1
866054419230 1
Bernoulli408 1
703106043316364841745263997213659663378093340212476 1
7436039830627861311450176556119145347557042759154627656338570661854115739997895 1
84332848214936063612359733465846673361817939379503448285578983471494470 1
0511357095230883842694509391795399664266277656193069598848869500616623370110438 1
Bernoulli404 1
few 1
Bernoulli406 1
INCLUDING 2
Bernoulli400 1
5463397898995461603415900691094670235170855786189860559691872027318782716854324 1
Bernoulli402 1
0905276026396594732607513986405801015483810141139719795422753630748113495270265 1
described 1
4430988791515738888017716231928835263289271298076227925283357927003187056895409 1
277463679315635010 1
138448285151763960812383465850635172285311091569843452492604539343177727548367 1
important 1
most 3
2636 1
DONT 1
5531829048369792753364764715262020778670531278719586898583459593792675810769220 1
keep 2
2863107300071535471234944282480487747301120843564792457739397612156419407039179 1
8453665947288873748972700580769864649544946817207071904078063454972954577208463 1
0677449738708016595010877049123286575216517173385795826972669505322466175106064 1
6385320922397469619970046438378452390321367551511627206765616414040686450916033 1
who 1
limitation 1
1550194393763004260011111100825548574063403788483396960128246802587868245758939 1
211600449597266513097597728109824233673043954389060234150638733420050668349987 1
0952336300769014556310739198880207114652836975369297328995687695253857459754731 1
131206483599435586020168566 1
295710682036368660462889828594612232955924955002201524705248520206592222985898 1
billion 1
1464348079647177371953569351441515834248331542500477474335755849990291267751862 1
6439477004721066735935831184369600628941664023128671903765929314804640228022409 1
8940698100060988046881674679194048284424046096930240621809667552628402886187489 1
httppromonetpg 2
6317715546755482888281141979064206161119893213557441124682697844058662867837317 1
6414498759585918694608327746767340175147792837359361046463801079861043896043273 1
original 1
5282098855091280407145188449187370707761139767908470444178614860655230503705033 1
3674733012699371525411902546788214149798007597852152403087730605687705633337526 1
4600196793018724057118532300846184682702881492970790966220893763118615367891028 1
also 3
15200976439180708026911806 1
1194701120251368376772310448927147109786850187339975888751433693459282282997664 1
6030988710816323962615879055772089552175666584932038858773124183980608460911209 1
2658 1
matters 1
674583921974243806727583626605726893305001263343470277847644141353711283719144 1
various 1
3920508985561529956339563213717437665839108381119978136774613741524188338324784 1
mget 1
visit 1
4103764367480999276 1
You 6
516125459460303579293066510067116 1
extent 1
equivalent 3
Bernoulli320 1
Bernoulli322 1
asterisk 1
4352201616875674226702066988781736776780983675270711591178536297327588046501114 1
4918102952100782336118255472443856297257089019955087665571908516127054317464566 1
4314223405159310288664698829339128075019109308684058290006604682848685269913509 1
100000000 1
1818363157756656952038108172282577678009952088322234060442879441343811175286426 1
3998758894226403154437364546237046936234486878313444740508912905759996491085406 1
1427294516074951471408416542656112772500549303981007948045251729020749818520071 1
fix 1
265087960215509971335259721468516201444315149919250989645178842768096675651487 1
5639899901859871099820647861362764024067956089815406441330055688455987337010272 1
Bernoulli328 1
272118 1
Bernoulli324 1
addition 1
279118531405266405457282 1
Bernoulli326 1
5631217616083506266189233056805077449290083376427223288227312894953733649016874 1
Bernoulli310 1
sure 2
0892752008729859310855439288221646643681561112498182857066985828168478603167682 1
3891631329173051875106329240411914098876862415188796755770925532742258110442928 1
an 4
3137569061479299763246396174870790381827183158505869129986818900401541012170236 1
3221945526269049878303336679680789559545196897417001858979026517387173254021920 1
as 6
at 12
6225500408881102797510043328034969466304425964851480796588968345345616249056035 1
5328794367512908309274724152509482837693740259020534666229839086256264343601973 1
Bernoulli316 1
looking 1
Bernoulli318 1
Bernoulli312 1
Bernoulli314 1
2908800010335503659286487795456356483193236341488681178605460131851720693754960 1
6822301925823929598331255358662270651496267954832650070717848422731002701987754 1
be 12
Bernoulli300 1
106783830147866529886385444979142647942017510 1
7121821380151299515023304901022332580838720776065231218588448904020475438113042 1
virus 1
2479392929313226753685415739663229870 1
4314807010670380724658486771064683185071514502241671483171013576410513348441511 1
7913684722391590912631122304523624003144327527666406870840003082298063551722101 1
see 3
1474157967390906132257441403942177277395190738112438908312364218787710672732483 1
by 20
Defect 2
519992058678703740132897282609842696235798807724085223969752506827735580189196 1
Bernoulli306 1
indicate 2
Bernoulli308 1
301824001508139208762097868831192538039998322963312026887269591180756298211115 1
Bernoulli302 1
7645992940484742892248134246724347500528752413412307906683593870759797606269585 1
Bernoulli304 1
64934328077331537435811362 1
cd 2
set 2
contain 2
7571009218889458146221275327551386516497689739927760130 1
keeping 1
958767753342471287507749031075424446205788300132973368195535127293585933544359 1
entered 1
5640811404322762111072202575605528360242466263121322238792071710641904217309338 1
9293926068544855282729561906557431018290 1
4365537897359501975787536147114116710450549143054252935395197859759132921884584 1
3168221108903401670436878558215734893322849540781208738796672473984272484396317 1
WARRANTY 2
2704445528505726439561144972157526110477873041093751758478056951517845321848516 1
42881252806619705762294059944788220537676 1
32291190 1
5396668635584828350191568047516691169323227550857214608779387901814143411744215 1
Bernoulli364 1
texpxtexpt1 1
3637390317261741440815182015159342716923129864058169003893081637828187987338620 1
9970758917367068113376982486608387542434867781903315227859036615564586511750614 1
Bernoulli366 1
5963373499481785590861551304643751957929639863906451583045448988420712969430083 1
27833269579301024235023690 1
Bernoulli360 1
Bernoulli362 1
sites 3
do 8
5059298307895591515771731031691422489377098686236263367916404512751010916862894 1
315384642811158019622978476503678976056630470163030 1
5357439134534960702034770110438930608272764066224932899475215437297342236199909 1
194356679464122366000063557526803181773780189986865586930470468471859228425694 1
Bernoulli368 1
which 2
Bernoulli352 1
eg 1
Bernoulli354 1
1485414372153709953470517135177735029061691740899442592315104849351444284380910 1
Bernoulli350 1
searched 1
2683603250125101679182864126657107853324950024702567245354512015185842613632845 1
AssociationCarnegieMellon 1
END 1
Bnxntn 1
Bernoulli356 1
party 1
Bernoulli358 1
however 1
Bernoulli342 1
ASIS 1
MONEY 1
8404225225651223912805235434755784151235675589206423964860803286777387807480810 1
Bernoulli344 1
943856831253838214748110830235213334 1
26854889966389227522217998031511011665681412802 1
Bernoulli340 1
5600130 1
for 17
5608169358688946227505158944748461768265648626246569382218117278552421833895164 1
243423633375693325757795709438325907154973590288136429274386 1
9360606883031473795386346670624548566233737045103777482020864375261269833029237 1
3356203296293922665090066676360603460808284039809008707284728447012008490510310 1
219310221923496085124921823808404575155215719519880743817262187359846676808720 1
2379837722283224245024915839950840658787871046095423820450501855770235750495486 1
2586txt 1
9205591731288475569468817080701361337791822135733205046989722454091073085037812 1
Bernoulli346 1
INDIRECT 1
conversion 1
Bernoulli348 1
over 2
Bernoulli330 1
803558286434937883617510 1
Bernoulli332 1
go 1
4060367188577311832614887005612354400063672439629984465735358226535865532910705 1
1502639463221374357034893227010574133394097159074204010157455592807699978993507 1
2514810445260249103561318190166700479496616365399646623703756226308633271686963 1
309553916571842976912513458033841416869004128064329844245504045721008957524571 1
8755653042768030653787972037747931081731858474471152245338707262764843883020028 1
5667604739473742565198909211542463521278534160195859180678259934541606494511333 1
form 6
Bernoulli338 1
Midnight 1
Bernoulli334 1
Bernoulli336 1
612691444939176646312327310228465298137050924839197112681610927582146609697680 1
9553790154021616196778501189528768078400811107009317850171384096998455082824610 1
Professor 3
0638044339880428153723968600215159459367880594154570049177779556101898534322340 1
transcription 1
bin 1
141582777506237587933093868704013973331128236327174780514265220297120012607479 1
transcribe 1
prairienetorg 1
Example 1
9462586705656758449262979906152409703115811425535504703782935179149721682887228 1
5180086262670567138988563504494715187706346245681886987341996878486341365778158 1
if 11
4963366607926258191253263747599075743872279031106013977030931179315068321410043 1
2195482808481981623062342737639115494662851052441547847136583164948726943856544 1
Bernoulli396 1
1725324315291611671971235084328617227448799050784012403075483301193072180872965 1
618893717763545170957996 1
Bernoulli398 1
9007109181484350605033720455977537412753391449552230076184112225466977758107807 1
Bernoulli392 1
in 17
Bernoulli394 1
is 19
Bernoulli390 1
it 18
1642000375611862843358745886690470793196946802804639119233251434998419837436462 1
Mac 1
resulting 1
0728984223819905175418923101449857176257365526643718796966245182132806035007560 1
Plain 1
4145041348084950789251085690426167248754665364000292033486 1
MADE 1
alteration 1
0884685045598138019135650134767100341473681073210 1
2815159815739322121041527686676774334782328158773314452206678687770745486976844 1
Bernoulli386 1
works 2
Bernoulli388 1
3547284003410332653298426772099783819705741178585242260541458732945989862623831 1
Bernoulli382 1
1145345726221163084105611450343443221137527690722856383209708142471452342875346 1
Bernoulli384 1
5331815732788765628347320001270460720535171080710693555387868841610 1
Bernoulli380 1
POSSIBILITY 1
world 1
8656671352535083819878853423812167842916641966404123623380360605181762773157593 1
sending 2
9697722650553743131588264830730586178995509297151040438483800983965834980898784 1
Bernoulli374 1
Bernoulli376 1
9944131254849692510711894112622003445367468796490163284225239013749165694046133 1
ftp 2
DISTRIBUTION 1
4480719878023410727873385962814533473195211579855176810181775344373602365908034 1
Bernoulli370 1
Bernoulli372 1
suggestion 1
7109374740057429699502124049557324731984516230241089343734886411617511589017123 1
indirectly 1
3770579690611705088104129279199307896374389163837636364754432749556537255589634 1
8208624164266478304393420250983951166030567160158076429357475405669518125043546 1
9409245612465372014808443841918963732454979635619634196765514065569765406021995 1
7483962146434648155277200511766368378306412027150319125585457512722659634591588 1
2244240023419466113277413785800736682458966212429373095894934752041434119711352 1
complete 1
Bernoulli378 1
6094987083498220230343258762599723479511813492334366326554820459479284181143930 1
GutenbergCMU 1
ALL 1
900243602303872329265137769673233267946975216990147426234959786986060151151172 1
9813358585507046530460523465482162681784716015125227737121173202197874098111893 1
second 1
9339634961932873204413121354799812430854107803299205525957462517069794529295542 1
that 10
download 1
2357481509540470157500613834267781473761111700218916888451462558812459108832155 1
3540519064105497083798244644631424564183925814524610202130350793316678712650811 1
than 3
me 1
923125149720533778680528010662703536561423742473016010860492465173697618007579 1
3204019410860907078243020782116241775491817197152717450679002501086861530836678 1
directly 2
8713859104804496078924036828289801429087908262185896123790192838236667102003718 1
5664973829953506019998422380872167968566067266857401026670310184013796611289015 1
3669631199697131115349471515855850066846063610806992043010594406764144850458064 1
180867230010 1
Executive 1
author 3
26108271849644912205113530 1
6206106590984659821598454767750696159329288090283032586862751504716828673852724 1
63447418489104051228895774923974220699879014561658834347938911670 1
0349680649668631910380792197901527043742924193668791839408776486303801957852763 1
5806055897809608499529562532396533145936513595774335030322579176864394330587960 1
9563443875873891685730191225792159808508144405955278309411839337401759278396174 1
expansion 1
license 1
disk 4
8759106130104335721332278317410972616188332065375191988858122543472191504820055 1
0635722118527587063478286467506193498289348590140209058848431175257465051090606 1
566 1
9976085117813579226228043816896540277492813678955116696340112447278252220205829 1
2108120172513003497714806811134898306966381368429268836646187082876884300797132 1
498384049428333414764928632140399662108495887457206674968055822617263669621523 1
1365705044128276635909901981634343422083675015617772308706601640686686504161763 1
errors 1
6859664936770230725545347704885864836420622598430157374668204179638548021664582 1
3029316918707270291960609378731785895750339539090979626138323805240974987194179 1
no 4
0585047864332662480710702413578529979967468584658403023059800832946165496464006 1
89319661389421650593631696618310726963042 1
CONTRACT 1
ANY 2
Numbers 4
total 2
considerable 1
182495206046873904911888730195578392542742158189419165572201483058631713239993 1
5406233632122536677446426246295692119684486036889235399687553979484886254426933 1
1606393786883347661578747110380713468900860626627458517735797820729101052113795 1
of 57
8445744372693423428185302230083093969160616600533454208539007576331211435405256 1
on 11
0369192441659461647425950295710718456957848137284733782503430592302360661270817 1
or 36
854513138 1
6682662551000383780776223472190722926893972826075320957895148583235837966175332 1
5148452642958172300132516340448730506554851256643796686115524433824609798825320 1
6702161909309680237660201998669294617552009638464244432709441651377979627696796 1
editions 1
9338872151497018335112980997697160322763393043492384398482958031159337256539857 1
1626716237756589664196158222675357100037925904943800700371426399878695434900165 1
2384203113812510243331805627699809267240054344772443480095752572066698167737729 1
4120570026280114871526113315907864026165545608808541153973817680034790262683524 1
205380646091432162655719795866926468378053310231486450681333723839303449483166 1
9647032057527091941930952463086112641216788342507044680826483137881247541686718 1
6054800071496634622909233303706997995125130120515859762839469193960001284685791 1
infringement 1
PRINT 1
12985513828196115270994830 1
readily 1
7924549702183455169967855380465117709578624959367223624074442219555371133295420 1
77998114321006595192421013093499986 1
54891061027861588318730039719801495297828173870 1
States 3
6070884111850631094386559256879136029424445176574691180899448206378373069370360 1
212191008579182060478563837945461872287372869333130175188325135660897759482730 1
2173783231936916333331076108665299147572115667909083136080611011493360548423459 1
estimate 1
4347372423672409523850674447490083656425680636705797284096734617512729245491252 1
3042566718826132010635437108874910069892032134688620957280864213276497579267063 1
they 1
7447677966359041858772154880528891461759759408670524036867330393458847554077805 1
7708702129854106109463337735432696662327884942363192480804439782265113590564081 1
7288153220352311977810488328925043422296933754175073177948425972950246944493271 1
then 2
9729923603439658368190665798519817730297257802768811738244766184808347628329689 1
accept 1
4069282285662653465989920237253162555666526385826449862863083834096823053048072 1
5482499897693655950433738779659670972754753872927763302254513603238686082514797 1
4907438024811312496845744805165367073960643414011348316887165278129554686424979 1
121523314048375557204030499407982024604149156786730 1
ARE 1
4849404330015359243509766947985382840962057755044491819343032537950612194324352 1
ETEXTSSTART 1
2682553612463371263677782288152595450458684310294378496455891789256387958434974 1
4752502048943049241434525025420643944559491826884487174091266835019079457750298 1
conservative 1
sue 1
073210 1
7468900281325124704535527442908101022615930505212028093980003061941163493997948 1
access 1
5747208374962552826014969970888031263055752548142072394811248193107776018517800 1
1098651228481515846116735605942901657544418942763685605483819128454976385464899 1
21559225988926 1
scrambles 1
sum 1
9301929685234168971950637625385574092875399806612568940093924080893589154969775 1
7632853994169543584403270186239889883934311766077803787140536031309605772620994 1
7911672444155776451901877831095585377150110 1
130 2
64075765782810974773404310 1
2575796219813980161825860029170127030 1
3496470134837096254721957294282692027321105998231580155273075570903000709400332 1
1016190031321556631995342159138863740232818042534921104881669898031907281690352 1
so 7
Files 1
email 4
3115558189277550714226378727412391466965017246647885654192510025002480363963126 1
one 9
analyzed 1
UNDER 2
2835783368209072403070166818305644992935634095949389005892015797599060514475400 1
0524074777622522360170149870410314036265986575605852403670527318084960001720342 1
2495030553208258548341339318764197461147432848991686338242711098654931144304725 1
3267871177757443672510988304868805437789240803024768655639895225247137834202574 1
142 1
bug 1
131002831387856790711469249590831570312119175591113111198436026801033929195852 1
3490832774755190357868951071267640494075493598567122492351235864685925413281150 1
tm 1
to 51
compressed 1
8324774498757343671042959459209681531380792635229266276286167506525705611552103 1
2116378969789533984850804756319861329797089577127242308445158676241154243368988 1
0098439686594375579575836908295488843730286650040809710916301855565569769559411 1
but 2
country 1
8453172162326268591237478265380289893420091132435309649054870604396285246590795 1
7454596541707183631821434183145140854266928570184286149354127360639468530330943 1
7978927107188060064388530290767057228836881638543921870779372555512626937709064 1
available 1
6689448963611728938505601369463215719576289607035969877364225474402150107267021 1
rules 1
3858882633059158119246167943030934495504166401076413042315715523222043632291104 1
up 1
written 1
726187831597903385131626809274229111886 1
Volunteers 1
us 4
PROJECT 7
637836392102899987100889736245882339465660750081315394597463772253285515127634 1
3449773681856373803043338987306141539965254192819867705223859157201392155548477 1
this 28
3750940258579267452360489050995048217629796997409692793673935051432353130414145 1
9089146576218753118272733193541604894250099756555502422759761995511863619275251 1
6688429684891348113278558668312073236985859715307626112797507640656445951869582 1
4587677935412208555876600951969481919057343579564615351218613542333930194870985 1
DAMAGES 3
2848060091105023422207435680346821332734436564659061020584620737334419861526379 1
Please 2
NOT 4
3776319685962393963038203188490802762813787704449077187462862978005733804889649 1
6897357391928647909388698422004485224916221740655301817552190675058172679651899 1
know 1
0302690033052949897841042134898904263325098281199203997126891871846497116894158 1
onethird 1
6663856362141719980502875970806945762712937180144475887677992558175799481301586 1
5018313199077763545432669245662313406177262102697135053362285890026493828211528 1
655076015411350995532251952032468976281834530933031937204434394691120639774531 1
1174239835539994552190497513182360535032387583605057260007722004883059102557958 1
changes 1
1953141562520823037267994522383193592201128797250784519797918409123130593469325 1
2948391287146297908646461226963115978751083135893705101378480685555164737152356 1
we 9
8011657181354899573479249918531590 1
2610399180964719827511795300213145685398405836047275350386767520049744736486147 1
proprietary 2
etext 23
73507013589852005740781876669414452558653649596 1
3701714202683178828730441933582773514024218332915875259194767588507001149870106 1
2225864609843696805063960222181638518159656791851533816994667050059961222574248 1
bounces 2
3709985659860294828058594543296819982941086736802676919925259580130 1
corrupt 1
9413809041270634364043598707162852538269286762820911322569741700752509372014089 1
Quebec 2
reading 1
Etext 5
6875688658023022109991326014126976132793910586545271453405158400992904780263503 1
5900098105806098867713284437059053896204424709229753767290541098564831291179653 1
1156007720904696186499491108648744373648708182228984933645850279283745566527687 1
6743628693000309850908613178155380833593357527288836140271510778811315428799638 1
1587914326 1
8380725915877198087771183697336447022728991956882235888659007323457891007577518 1
43867798 1
software 2
6654794299292433822757851367607881184774443707813566167391677581922415077160058 1
reach 3
3303126806752992741294727495432815303761557305236862 1
7649892560360729074672778640720680874112214109997197387525352062913504682830983 1
0192020600281853070563114326873197998541353402410622313952599196293054906353542 1
processors 1
displays 1
Give 1
BREACH 1
596451111593912163277961282 1
goal 1
7537316003247906088141428531680505004999825009662929869171471233773103313306324 1
method 1
etext90 1
1336011498396150912151423938206307866725487635171065947029616755552973030152102 1
8873691188302850776549851095445319674329831032713432828366945325817352958745749 1
350744554637525331834266774194965125351698611334967218009546875814550592113317 1
provisions 1
857321333523056180131194437347933216431403305730705359015465649285681432317514 1
following 2
345903891842694980732015048493395694585324315959535041305307560112247052191695 1
exact 1
0980024261644789356677596669076696389866167091377992003771605595161258127954571 1
8844121346238967055265586337720563656945076973896008866961540151608623371400321 1
etext99 1
5337851032922764032596035480043437277746989044846001746196415212741100764966319 1
periodic 1
1779488290712443837484612243000477379544392453663939988149541576668372900364425 1
distribution 1
79851276291910948800786354349333915686439302790074604031020763276 1
our 13
derive 2
727353920929624706796074041823285702690 1
002986184254693991336699593468906111158296442729034119206322233244713882 1
3812260646712489701687011648418591776351395612203731023162737109807574092950392 1
78999649850427118391694149262577932479289635308490619974233553612397882181813 1
get 8
7848048462555457857614211583578896086553453221456098292554979868376270523131661 1
0118908228726419813478701353817417838395849447373427701258680935193078127734529 1
211448863259688474211368626409336057907308780651582311178948123307648749408172 1
copy 6
9708903955839904623041272213447056418545452654669216892885664400985467889256537 1
1618651082582707143082377020546888216407884466480834780583096823087696141619926 1
Electronic 1
124073906684330234127114734836969907263347958964127614725878540721428004033735 1
6784474875903535720147084146967619965166480436166324915138652313161158459147438 1
site 1
6655393980145141973517955089130955730531962484492375119815462800173963869199820 1
When 1
date 4
2374648758717528679082279957824121275749931210032364789980185681658781469425053 1
0824990277156331874835082271739544210074457390764522152344639539520293776122750 1
data 1
own 1
Central 1
World 1
5021720891096379730799051573085173241660483518103511594223753375743325735140467 1
9780937598384842703648747867883936235575961080852921211093650147700809742931981 1
Etexts 9
1699175516 1
1032767001030027558118855855057952089777910853586423077582781831060554157175555 1
7799779302175151518 1
plain 2
7415998079220041299699187067412714951204651656933821520847527577289722382000754 1
should 4
only 4
132959963583526612558423182997702578242047892089625754241387587021938995020766 1
create 1
8147857775596653790453928593902453563143158355566291115657291683041742729879139 1
4641159180572947113966254365067360415424033700252584772051018080635940567599772 1
1953342076266375304149767792384622344814103373509884272151399957073469791246869 1
officers 1
4570357719194738371176184923271585550132544505745204387511298084152885559401376 1
readable 2
like 1
03922446105036499341641544815765700130 1
127865582354558177497376915176857811648370366497374110 1
6968631997599816118176607357538313239004564952539618371759243121088729150895349 1
tax 2
9972517715826132089736597584320511669263794701105417099176436055541622722611853 1
2797228419792215371833177653294508516961085108843787713487800891934198063153121 1
continents 1
efforts 2
8388447951728097824719285939940087829691480554892958605495205455094169004672638 1
person 5
446222803871294740069823196 1
7128619646155369384340380796319852058383198301591487844668907655774787107504112 1
files 5
9906161180044052095473367568037412966432219873823219317218228209002990972102223 1
25776878583676 1
send 1
Both 1
expenses 1
here 2
note 3
week 1
5484013184046265389329719449523663221529092764894703813815177897980268745011893 1
1635861655611589968733715513678100756311255168497746510831950445025073543747101 1
3747779487230132491900784839670360702621969953197210049501251358419118141986190 1
Prepared 1
4799923403637281532014362254200628439177807561423037091528446 1
33330438099153820155478 1
8363016980224840985221472480193976670162670766222990479700877970643757887433699 1
projected 1
can 5
289680696569792324462571017411074 1
2346572901642 1
6762358314128425435909635398077811882539199662711471185655335807263675649242817 1
4307261557625517124764287228841421171512634534585391620401335799765458353101463 1
1379736192606305678462935734624605008567491048471233121195548340050738694449261 1
costs 1
cost 2
98691794590070 1
0174635854844213935688176120949187934444814423547102451991673028031440640119705 1
5226180485362879082526221980577215262396385617524132279613757092621411332044486 1
will 5
1411642184657663645971277792033537906347762183635901158641375259341789919760310 1
2782 1
fault 1
1808383072515392862130370135635372000131626793093148880779287649928820293768508 1
GUTENBERGTM 1
9512403640202700704114373771870813530459318373028548504525928935234822987991366 1
7696845686382090792667724329735087910914185529668274347702179648476 1
9207188165402273267771908929719004881279785191361391914450528631012111465559730 1
6087443084910869936431803106244357312755090962116368482475276694252905815888538 1
compliance 1
0253197632543925157559965099005581639883558125985134242978146873558628010545299 1
820327683607034033844045692608767604589657584378017281695875223609953016396 1
4267648876048449590603480115693689162580755992686116534563663816203506520969500 1
coefficients 1
Welcome 1
harmless 1
