 4758
prepare 2
reuse 2
67540 1
42241 1
797058 1
289919 1
646097 1
769816 1
46605 1
35955 1
195500 1
940602 1
196835 1
171535 1
54234 1
Michael 2
electronically 2
10650 1
3635 1
160879 1
214363 1
require 1
948563 1
961560 1
1708223 1
1 104
2 103
3 3
4 54
121265 1
5 154
150601 1
2311 1
7 1
9 52
10661 1
population23 1
16986510 2
accessible 1
B 1
217401 1
3661 1
SEX 51
562758 2
1000 51
297557 1
1054146 1
145274 1
elect 1
34602 1
S 3
663448 1
10636 1
same 1
wwwgutenbergnet 3
126942 1
2322 1
W 1
1466270 1
92517 1
101640 1
59668632 1
2329 1
47900 1
a 57
b 1
address 1
c 1
17990455 2
13206943 1
1011 1
2636787 1
1096812 1
the 164
1506845 1
31560 1
information 3
274867 1
10641 1
1E1 5
1E2 1
1E3 1
1E4 1
1E5 1
1E6 1
1E7 3
1E8 4
1E9 3
17242 1
Its 2
1114358 1
239692 1
250000 1
618818 1
1018 1
2387606 1
523177 1
PGLAF 1
226384 1
2345 1
copying 4
1997752 1
1F1 1
112370 1
1F2 1
others 1
1F3 5
1F4 1
1F5 1
STRICT 1
1F6 1
2799744 1
1480558 1
2859055 1
check 2
145221 1
614457 1
655838 1
3452160 1
30210 1
526210 1
owed 1
Redistributing 1
155492 1
307400 1
23902 1
218776 1
7008999 1
provided 3
423740 1
12774762 1
210809 1
1040 1
54295 1
30200 1
disclaimers 1
11923 1
Redistribution 1
166172 1
443348 1
2368 1
29202 1
1034 1
376034 1
154191 1
329641 1
ensuring 1
71618 1
November 1
261597 1
133255 1
596959 1
quarters 102
71630 1
29218 1
Minnesota 4
338585 1
2383 1
151919 1
2381 1
room 51
2380 1
204139 1
1127629 1
317659 1
32851 1
801676 1
4782516 1
2905474 1
380997 1
3294394 2
QUARTERS 51
816732 1
431301 1
10749285 1
571603 1
13760 1
19069 1
19063 1
33371 1
33378 1
4486228 1
127415 1
2389 1
middleaged 1
56813 1
476204 1
478882 1
Montana 4
63110 1
Kentucky 4
510684 1
1077 1
25751 1
926395 1
1206135 3
1070 1
binary 1
938366 1
12445 1
403296 1
85392 1
84061 1
1277360 1
1087 1
123042 1
891179 3
388051 1
37717 1
hypertext 1
52471 1
6766 1
56838 1
12410 1
21361 1
5434 1
have 4
13742 1
453588 2
6780 1
327888 2
429012 1
Fairbanks 1
additions 1
1239055 1
intellectual 2
1095 1
produce 1
1746565 1
318948 1
walks 1
52481 1
12422 1
13756 1
267767 1
42289 1
15176284 1
20012 1
466845 1
68835 1
upon 2
employee 1
1591461 1
Copyright 1
150635 1
2061948 1
2949089 1
defective 3
7871635 1
owns 2
445907 1
1159263 1
1291611 1
221516 1
45302 1
20025 1
183577 1
including 8
law 2
119825 1
AGREEMENT 1
234829 1
208 1
428595 1
42268 1
216199 1
21321 1
unenforceability 1
99111 1
Any 1
382781 1
35976 1
51183 1
13706 1
10381206 3
212 1
2464315 1
215 1
5008491 1
537702 1
218 1
219 1
54216 1
10676 2
66205 1
348781 1
20008 1
23997 1
147022 1
220 2
221 1
222 3
223 1
224 3
225 4
Gutenbergtms 1
226 2
227 3
228 2
229 1
2980702 1
646221541 1
861266 1
98604 1
62651 1
1592873 1
230 6
231 2
2031386 1
233 3
234 1
235 4
237 2
238 2
239 4
8525 1
53700 1
state 5
152331 1
8529 1
173274 1
300000 51
289121 1
107784 1
3511825 1
105122 1
201969 1
11075 1
62663 1
185276 1
62669 1
240 1
each 1
241 1
242 2
243 4
244 1
245 2
246 2
508404 1
379035 1
247 2
248 1
249 4
2392935 1
creating 3
920207 1
151013 1
403218 1
2794810 1
1902 1
173264 1
thirty 1
592607 1
724130 1
Vanilla 2
132759 1
1189899 1
23024 1
dollars 102
250 104
251 4
252 5
Defects 1
253 8
254 4
255 6
256 2
257 6
258 6
259 8
does 2
reported 1
152356 1
212625 1
50698 1
distribute 5
587249 1
Wisconsin 4
237923 1
creation 1
271803 1
SUCH 1
BUT 1
522709 1
462438 1
8565 1
1227928 2
7236 1
11430602 2
260 4
127353 1
261 9
262 8
263 5
575288 1
They 1
264 5
OTHER 1
636643 1
265 4
PUNITIVE 1
266 6
267 9
140385 1
268 4
269 2
23033 1
529342 1
36335 1
2896826 1
829983 1
Creating 1
129124 1
232262 1
522755 1
270 7
271 5
272 2
273 8
162583 1
274 7
275 3
276 4
277 1
4891769 2
278 5
paying 53
279 4
There 2
258886 1
26991 1
This 5
donation 1
6304583 1
1214645 1
106497 1
919266 1
8586 1
194190 1
191911 1
23012 1
280 4
1108461 1
59058 1
281 1
1574160 1
282 4
283 2
8582 1
284 3
285 5
262907 1
286 1
278489 1
287 2
288 2
These 1
289 2
849596 1
256237 1
Region 4
85323 1
page 2
District 3
1889853 1
767270 1
full 10
away 2
13660 1
210010 1
concept 2
290 2
72032 1
291 3
292 1
294 2
182178 1
295 1
296 1
297 3
298 2
299 1
1951 2
Mountain 1
37632 1
1143669 1
1321160 1
588552 1
393374 1
1003464 2
26985 1
start 1
65755 1
businesspglaforg 1
37629 1
138030 1
1963 1
16706 1
RACE 102
11012 1
13675 1
paid 6
12343 1
12348 1
51119 1
661614 1
344457 1
PARAGRAPH 1
945582 1
Utah 4
required 1
CONSEQUENTIAL 1
332473 1
58556 1
323506 1
237988 1
1499269 3
4506275 1
363521 1
4495966 3
19876 1
1682709 1
7298 1
71532 1
733914 1
270565 1
18540 1
INCIDENTAL 1
18541 1
1990 110
11907 1
destroy 2
286936 1
1264934 1
GIVE 1
provide 7
188390 1
60884 1
4800925 1
281213 1
38139 1
3214290 1
31502 1
1989 1
300852 1
110524 1
15481 1
NOTICE 1
redistribute 1
paperwork 1
336800 1
lot 1
306163 3
computer 2
333782 1
57244 1
1992 1
1991 1
32827 1
38127 1
50617 1
105188 1
means 3
survive 1
95500 1
268226 1
2366615 3
286956 1
91141 1
performed 1
1574143 1
409387 1
166111 1
1314826 1
129129 1
14168 1
39448 1
47064 1
130193 1
80491 1
1531857 1
91179 1
5961887 1
possession 1
319459 1
2246046 1
23086 1
51960 1
3241812 1
911374 3
14136 1
492214 1
obtain 3
created 2
format 4
particular 2
164356 1
63953 1
41742 1
514285 1
EXCEPT 1
Units 51
August 1
703223 1
129197 1
321775 1
101636 1
19835 1
INDEMNITY 1
69269 1
69267 1
critical 1
York 4
294522 1
1216440 1
part 4
41737 1
163062 1
principal 1
3739 1
1900061 1
345716 1
551216 1
48365 1
811857 1
3733 1
19800 1
526264 1
213116 1
74608 1
95547 1
135833 1
9057 1
subscribe 1
235388 1
413425 1
Date 2
401460 1
GUTENBERGtm 1
307461 1
23072 1
41717 1
168735 1
14124 1
3742 1
further 1
39407 1
41030 1
43693 1
133146 1
2636631 1
318201 1
288707 1
46728 1
viewing 1
3333713 1
2425 1
525677 1
Thus 1
2421 1
DISTRIBUTOR 1
3445785 1
606768 1
accepting 1
357818 1
5978058 1
3770 1
3771 1
2397715 1
145144 1
easy 1
33402 1
See 2
684255 1
1103 1
domain 7
7558820 1
Maryland 4
87266 1
87263 1
217523 1
178077 1
137526 1
treatment 1
5382167 1
1436545 1
366780 1
663332 1
655701 1
1183673 1
THE 6
57404 1
34720 1
30362 1
92639 1
545265 1
454159 1
1119 1
42008942 1
397012 1
business 1
385051 1
staff 1
right 2
442174 1
130901 1
11182882 1
4938140 1
2458 1
Foundations 3
526997 1
6810 1
1291706 1
maximum 1
774499 1
under 5
30358 1
252734 1
5694265 1
29370 1
1261075 1
100264 1
210909 1
188298 1
143392 1
205557 1
6829 1
80683 1
1138 1
legal 2
602363 3
16038 1
LICENSE 2
65042 1
435810 1
1137766 1
238470 1
22720 1
Columbia 3
80671 1
30333 1
28021 1
1147 1
2476 1
gratefully 1
50800 1
5505 1
180310 1
43633 1
29327 1
243817 1
2491 1
states 9
208607 1
402955 1
1158 1
37zip 1
57445 1
145105 1
1411200 1
275407 1
16016 1
2016641 1
100238 1
348029 1
1245814 1
1288982 1
112215 1
317781 1
477692 1
71751 1
95700 1
68105 1
57451 1
permission 7
92670 1
1010423 1
228212 1
442129 1
6859 1
newsletter 1
20179 1
20176 1
286126 1
129962 1
64555 1
521225 1
894345 1
convert 1
1151228 1
96142 1
48507 1
1119968 1
231889 1
December 1
TRADEMARK 1
1159182 1
2638418 1
336034 1
88526 1
275466 1
33495 1
Despite 1
137596 1
45471 1
105989 1
4208 1
5554 1
44134 1
32151 1
Director 1
130964 1
Florida 4
1147194 1
Island 4
148253 1
210958 1
11239 1
printed 2
33489 1
76533 1
1188 1
status 4
41099 1
19166 1
5564 1
1586813 1
25841 1
373912 1
scattered 1
406440 1
254501 1
legally 1
284399 1
12530 1
12536 1
1606149 1
5570 1
17659690 1
476320 1
may 15
263456 1
2ND 2
25854 1
300 2
widest 2
301 1
Pacific 103
302 1
303 1
77886 1
175867 1
304 3
55638 1
174530 1
306 1
89864 1
21490 1
308 2
11214 1
309 2
THAT 2
90882 1
fees 4
use 59
2652758 1
subject 1
34780 1
785149 1
148201 1
main 1
Lake 1
12517 1
310 3
311 1
312 4
313 3
279864 1
314 1
315 4
2791734 1
604142 1
316 2
319 2
340962 1
credit 1
587045 1
5594 1
103386 1
63279 1
115347 1
432707 1
equipment 3
461286 1
includes 1
34777 1
320 2
322 2
324 3
325 3
326 4
328 4
329 4
4259 2
33448 1
917375 1
16096 1
Maine 4
162520 1
Information 5
21448 1
661590 1
5405374 1
275492 1
330 5
331 3
332 1
333 2
334 1
335 2
336 2
338 3
5599 1
339 2
physical 2
included 3
make 3
met 1
41044 1
367285 1
42374 1
68985 1
1578385 2
764258 1
52786082 1
182100 1
20129 1
45405 1
22787 1
340 2
341 1
54342 1
343 1
150547 1
344 3
345 2
6070937 3
142926 1
01 4
Owner 51
02 28
03 25
04 24
05 26
3315845 1
06 17
07 16
08 20
28855 1
65800 1
about 7
09 11
552495 1
350 1
granted 1
805209 1
1615845 1
354 1
356 1
358 1
11188 1
15548 1
10 57
goals 1
11 9
8662 1
12 12
13 10
751860 1
14 8
15 12
47126 1
16 8
17 60
7336 1
9995 1
98714 1
18 114
818520 1
19 11
119627 1
LIABILITY 1
PROVIDED 1
received 5
41826 1
362 1
1A 1
364 2
1B 1
1C 2
1D 1
1E 2
368 1
1F 1
369 1
300130 1
198462 1
Georgia 4
44092 1
139266 1
233656 1
Idaho 4
20 58
male 51
473224 1
21 55
22 8
2776116 1
23 4
shared 1
Estimate 1
24 57
103274 1
9364782 1
25 57
26 5
27 5
302759 1
28 1
29 3
8676 2
393447 1
28834 1
1546832 1
665079 1
370 1
long 1
1659430 1
378 1
23143 1
176204 1
30 6
11169 1
31 2
32 5
5862873 1
33 3
35 3
36 4
37 5
49767 1
38 2
39 3
Hawaii 4
119606 1
1190759 1
381 1
277221 1
many 1
swamp 1
93044 1
382 1
1020705 1
383 1
MIDWEST 1
384 1
appear 1
1064325 3
389 1
60145 1
associated 8
increasing 1
2902569 1
7349 1
2794711 3
40 2
41 4
42 2
43 2
44 53
45 53
46 1
agent 1
47 2
96104 2
210110 1
48 1
48424 1
49 2
2084708 1
25785 1
507008 1
37775 1
195385 1
50 4
51 1
displaying 4
53 2
54 53
55 52
7373 1
56 1
1348279 1
57 3
58 2
59 52
6049 1
5552233 1
modification 1
51211 1
84116 1
THIS 5
174432 1
60 53
292859 1
62 1
323678 1
64 52
65 155
402041 1
66 2
allow 1
67 1
778035 1
68 1
69 2
6055 1
45376 1
98789 1
45375 1
98788 1
13780 1
53884 1
51223 1
3003785 1
71 1
72 4
20071 1
73 4
195365 1
4489312 1
74 56
11125 1
36426 1
performances 1
75 54
76 1
194035 1
77 2
78 2
79 4
2683090 1
3693329 1
28807 1
543544 1
68900 1
Percent 663
apply 1
202518 1
64543 1
96111 1
65877 1
2413747 1
222104 1
72165 1
966355 1
148197 1
73491 1
52561 1
5620775 1
256337 1
money 3
141554 1
80 2
81 1
82 1
77846 1
83 2
77847 1
84 53
309369 1
85 52
76518 1
86 1
87 1
9102 1
89 1
399604 1
6077 1
182953 1
478070 1
424213 1
854214 1
nonproprietary 1
82306 1
281347 1
2026067 1
57345 1
90 3
91 1
92 2
320599 1
1506790 3
94 1
95 2
TYPE 51
96 5
98 1
99 1
profits 1
EBook 3
85445930 1
668951 1
16002 1
9115 1
work 44
155328 1
THOSE 1
29319 1
6084 1
1658951 1
823940 1
6478216 2
224792 1
2192550 1
864493 1
696196 1
180306 1
532807 1
word 1
32953 1
16009 1
41890 1
371298 1
320580 1
159710 1
3665228 2
68019 1
32939 1
2677235 1
specified 2
201220 1
83656 1
1579722 1
writing 3
federal 2
19969 1
47195 1
20962 1
include 1
336918 1
44914 1
26268 1
households 306
142045 1
170977 1
688557 3
exists 1
38238 1
343200 1
234129 1
829226 1
Homeowner 51
157950 1
74710 1
1756916 1
20933 1
1261118 1
3435540 1
915617 1
26230 1
57389 1
EXPRESS 1
981119 1
httppglaforgdonate 1
69365 1
152252 1
749581 1
discover 1
15591 1
4343878 1
109488 1
749584 1
35185 1
226523 1
SEND 1
20941 1
27571 1
1331493 1
247497 3
provision 1
32913 1
117092 1
413531 1
50767 1
433121 1
Oregon 4
98705 1
14232 1
214570 1
Chief 1
565708 1
535094 1
56078 1
3927400 1
15568 1
14237 1
notifies 1
Bureau 3
19930 1
62760 1
73412 1
109460 1
Service 1
2199129 1
Contact 1
3869 1
BEFORE 1
145992 1
unlink 1
82356 1
28883 1
deductible 1
15579 1
detach 1
WILL 1
273736 1
1208 1
2538 1
901247 1
285311 1
162821 1
261349 1
789669 1
74077 1
54471 1
350058 1
350059 1
46847 1
125878 1
149842 1
150831 1
2542 1
92738 1
because 1
32208 1
34868 1
452077 1
agreement 17
100591 1
25917 1
AK 2
AL 1
259034 3
1480351 1
version 1
AR 1
77100 1
619938 1
223068 1
960469 1
78439 1
AZ 1
returns 1
2014595 1
1044112 1
456464 1
92728 1
67790 1
43796 1
42466 1
3447865 1
162847 1
BE 1
16171 1
21525 1
206512 1
443155 1
The 12
6927 1
ORIGIN 102
1424206 1
1233 1
REGIONS 1
BY 51
prohibition 1
329443 1
CA 1
10875 1
agreed 1
computers 2
Nevada 4
66470 1
21533 1
11881643 2
learn 1
2963186 1
1822118 3
1251 1
148553 1
500259 1
CO 1
99386 1
Michigan 4
CT 1
168136 1
202166 1
13919 1
By 1
4375099 2
651221 1
HOUSEHOLDS 51
698751 1
1936162 1
DE 1
41114 1
37099 1
260056 1
104983 1
official 3
180691 1
42446 1
42448 1
41119 1
2462797 1
931941 1
252420 1
149801 1
202170 1
218509 1
female 51
49077 1
1081113 1
10853 1
241786 1
43763 1
need 1
102331 1
111266 1
378413 1
often 1
Do 3
encoding 1
obtaining 2
DAMAGE 1
Dr 2
964869 1
loose 1
5624 1
31787 1
6959 1
CENSUS 4
Vermont 4
42422 1
FL 1
162800 1
548208 1
6973 1
43756 1
82518 1
37072 1
124569 1
1231768 1
56232 1
4301 1
GA 1
89157 1
95828 1
103626 1
799065 2
112578 1
37066 1
2098225 1
1296 1
Replacement 1
WITH 1
GUTENBERG 3
royalties 2
1287 1
Indian 102
6974 1
START 2
6976 1
family 102
referred 1
23328 1
HI 1
325018 1
498240 1
223902 1
copyright 12
1883143 1
499570 1
406105 1
release 1
314363 1
465312 3
244847 1
523770 1
1040600 1
IA 1
106712 1
45594 1
861536 1
ID 1
IF 1
419421 1
IL 1
101041 1
IN 53
115666 1
392787 1
74000 1
forth 8
Some 1
402 1
32274 1
24660 1
404 1
EVEN 1
6998 1
If 14
20279 1
62031 1
427061 1
20275 1
In 1
against 1
5686 1
62038 1
Gutenberg 27
It 2
representations 1
67728 1
1230479 3
1637129 1
6639322 3
411 1
89997 1
416 1
share 1
87334 1
1137296 1
84292 1
13990 1
USE 1
2nd 3
KS 1
127631 1
9295297 2
1162241 1
44239 1
KY 1
149000 51
55751 1
277730 1
12669 1
378482 1
1255764 1
LA 1
33586 1
76675 1
299107 1
425 1
stored 1
11333 1
428 1
12668 1
10003 1
FITNESS 1
66413 1
129400 1
41199 1
391487 1
416352 1
431 1
501543 1
276475 1
pages 1
MA 1
3037 1
435 1
MD 1
299999 51
254201 1
436 1
ME 1
139611 1
915057 1
links 3
MI 1
62050 1
MN 1
185514 1
new 3
MO 1
24629 1
8743 1
below 3
MS 1
MT 1
shall 2
MW 1
49909 1
1872431 3
441 1
33563 1
NC 1
445 1
125029 1
ND 1
32230 1
NE 2
1275377 1
113057 1
NH 1
NJ 1
NM 1
13975 1
235912 1
21566 1
NO 2
6628637 2
4398 1
financial 1
NV 1
1058788 1
80735 1
reaching 1
NY 1
297353 1
21568 1
1339977 1
2032378 1
356267 3
747806 1
189093 1
OF 63
58819 1
OH 1
8745 1
OK 1
1192077 1
92718 1
OR 7
698705 1
6101 1
specific 1
complying 3
PA 1
33543 1
125008 1
79741 1
55798 1
125005 1
78414 1
Of 1
PG 1
53139 1
210650 4
12622 1
NEGLIGENCE 1
73548 1
Indiana 4
16991 1
268897 1
395769 1
2458765 1
27647 1
473 1
116011 1
336671 1
479 1
1043711 1
7438 1
406971 1
245307 1
36595 1
remain 1
245300 1
41943 1
countries 1
484466 1
4512781 1
4971676 1
httpwwwgutenbergnet 1
608373 1
60246 1
59257 1
RI 1
1854537 1
529128 1
48575 1
172175 1
13016 1
654270 1
287197 1
8794 1
303724 1
61580 1
7463 1
15640 1
154302 1
3657323 1
8797 1
786610 1
7460 1
SC 1
SD 1
Royalty 2
499 52
permitted 2
6128 1
86884 1
106659 1
7459 1
15645 1
49894 1
107989 1
52632 1
indemnify 1
263194 1
471134 1
97529 1
49889 1
94497 1
511829 1
such 5
142320 1
242262 1
85542 1
39601 1
TN 1
TO 2
417670 1
452881 1
1977594 1
Other 255
39606 1
48549 1
998239 1
965393 1
TX 1
2065355 3
131600 1
745253 1
93194 1
1099319 1
41913 1
483105 1
research 2
incomplete 1
632058 1
11264 1
To 4
US 6
UT 2
51329 1
414572 1
VA 1
sharing 1
374858 1
6161 1
20524327 1
50000 102
Texas 4
11278 1
VT 1
1006749 2
45497 1
373552 1
11240 1
4087546 3
9204 1
nearly 1
225745 1
WA 1
originator 1
non 1
WI 1
35216 1
not 19
77971 1
176526 1
Alaska 4
16931 1
151222 1
trademark 9
derived 1
55706 1
WV 1
1005407 1
WY 1
race 204
2581261 1
9217 1
49843 1
109741 1
163205 1
was 1
28923 1
way 2
We 1
309002 1
2673184 1
552378 1
517170 1
what 1
1262929 1
129327 1
11258 1
158721 1
17442 1
68114 1
94400 1
393185 1
13088 1
301968 1
773365 1
296962 1
taxes 1
58794 1
8365963 1
128071 1
4219973 2
when 1
224438 1
synonymous 1
142374 1
31750 1
26397 1
223110 1
213778 1
12937926 2
101822 1
give 3
16120 1
108474 1
9238 1
depends 1
191318 1
892619 1
71771 1
2247110 3
13092 1
78396 1
664470 1
342498 1
PLEASE 1
16127 1
175285 1
867644 1
2427643 1
EBOOK 2
1677104 1
141070 1
2602 1
3075310 1
receiving 1
828028 1
280599 1
web 3
612460 1
49014 1
320213 1
365965 1
212483 1
4457493 1
1424155 1
203527 1
365979 1
467056 1
490282 1
25056 1
1010860 1
179667 1
991688 1
certain 2
113856 1
38340 1
235135 1
14374 1
fee 8
401254 1
used 3
188574 1
377977 3
1961206 3
59205 1
658600 1
53900 1
few 1
39679 1
365986 1
180618 1
29008161 1
1061583 1
marked 2
14380 1
68168 1
341131 1
925304 1
2528257 1
228829 1
2688281 1
3411043 1
produced 1
224470 1
2630 1
outside 3
keep 2
237778 1
181957 1
215526 1
who 3
296948 1
73527 1
4835839 1
1258044 3
38320 1
175280 1
70495 1
necessarily 1
35291 1
61539 1
alone 52
527358 1
39656 1
309876 1
563891 1
53929 1
47267 1
40638 1
3584120 1
1713072 1
1321 1
various 1
visit 2
1103835 1
4202240 3
user 3
52603 1
52604 1
extent 1
239530 1
41277 1
1162994 1
1445248 1
145368 1
819284 1
387455 1
fix 1
1032025 1
1397073 1
1339 1
1158010 1
addition 1
156013 1
261451 1
promoting 2
41261 1
1057308 1
Regions 1
EIN 1
an 4
24702 1
1146028 1
as 10
at 15
5709 1
56301 1
641762 1
56306 1
12720 1
124419 1
21642 2
135109 1
be 18
20318 1
2691 1
145397 1
20316 1
virus 1
search 1
by 19
98180 1
whom 1
101762 1
Defect 1
19328 1
33637 1
343854 1
33635 1
disclaimer 2
45600 1
14897627 1
charge 6
keeping 2
375486 1
37602286 1
alternate 1
68308 1
6676207 1
Div 3
202283 1
464180 1
6100262 1
freely 4
5727 1
239573 1
91572 1
260176 1
90245 1
91576 1
615434 1
115513 1
do 14
1629490 1
220952 1
10978 1
2842321 2
146658 1
166270 1
58996 1
30582 1
69640 1
65282 1
5737 1
4406 1
which 7
184942 1
243600 1
214289 1
411626 1
13385255 1
206663 1
172938 1
10989 1
643500 1
END 1
34937 1
carry 1
111139 1
22934 1
478774 1
ASIS 1
origin 102
1150992 1
159999 1
for 21
294364 1
28237 1
209703 1
61702 1
144020 1
rate 102
551732 1
1029267 1
232954 1
17597 1
113789 1
696004 2
90254 1
119091 1
1722850 2
2498834 1
Middle 1
30551 1
10966 1
196903 1
form 4
500 51
29577 1
386179 1
503 1
4434 2
1230561 1
112460 1
506 1
89268 1
5769 1
he 2
325159 1
369616 1
promotion 1
Professor 1
3174886 1
very 1
457811 1
5782 1
63463 1
transcription 1
128873 1
HISPANIC 102
928206 1
5785 1
3123 1
338455 1
127540 1
75441 1
71082 1
transcribe 1
510 1
511 1
87437 1
514 1
15820 1
easily 1
1089795 1
141847 1
11466 1
if 5
138209 1
67832 1
314491 1
in 209
314490 1
1813381 1
gbnewbypglaforg 1
is 25
it 13
99402 1
1812053 1
836698 1
579224 1
148495 1
251267 1
3128 1
Plain 2
521 2
522 2
alteration 1
527 1
10148 1
4471 1
3144 1
147173 1
208411 1
48728 1
152519 1
2929333 1
library 1
50175 1
533 1
535 1
12773 1
536 1
44360 1
942524 1
RIGHT 1
sending 1
Division 2
538 1
539 1
2369431 1
3948185 1
10113 1
80808 1
11450 1
Use 2
80800 1
1489661 1
541 1
542 1
152526 1
544 1
31045 1
546 1
547 1
177800 1
548 1
301167 1
303789 1
20375 1
44342 1
4497 1
7523 1
65203 1
1504738 1
208437 1
second 2
550 1
551 1
that 13
552 1
556 3
than 104
557 3
3157 1
558 1
204074 1
claim 1
8844 1
12750 1
8849 1
428460 1
Updated 1
92811 1
46993 1
possessed 1
Carolina 8
216062 1
75497 1
65218 1
City 1
560 1
928252 1
561 3
36715 1
562 1
license 3
563 1
32355 1
disk 1
564 2
565 1
566 2
568 2
7528 1
Except 2
1406499 1
no 8
86160 1
6212 1
Tennessee 4
19360 1
CONTRACT 52
570 1
74174 1
20358 1
572 2
31014 1
573 1
575 1
considerable 2
11409 1
577 2
12739 1
of 934
6204 1
627444 1
7538 1
1756211 1
825110 1
occupied 357
hear 1
on 11
183677 1
or 480
6220 1
289867 1
8886 1
determine 1
6222 1
183679 1
41287 1
310071 1
18040 1
families 102
581 1
582 2
32335 1
11415 1
585 1
80854 1
127547 1
588 1
156081 1
589 1
102269 1
92829 1
3127680 1
infringement 1
106627 1
693760 1
395881 1
Archive 13
registered 2
590 1
591 3
592 3
40745 1
593 1
States 16
532637 1
595 1
119881 1
597 2
599 1
172063 1
13123 1
hundreds 1
76705 1
they 2
6243 1
old 2
301218 1
27776 1
Illinois 4
7569 1
6404167 1
donors 1
52743 1
discovered 1
7587 1
14431 1
242364 1
73684 1
601609 1
666168 2
34041 1
23389 1
553561 1
521968 1
84345 1
variety 1
46022 1
76726 1
so 1
email 3
15767 1
6262 1
13111 1
2145183 1
one 1
UNDER 1
837007 1
27759 1
Section 7
143530 1
611880 1
343049 1
Literary 13
to 993
compressed 1
1348019 1
292601 1
country 2
commercial 1
exporting 1
reasonable 1
generations 2
rules 2
745377 1
24699 1
85698 1
152414 1
4600148 1
48661 1
15741 1
up 3
118592 1
Volunteers 1
us 1
287266 1
PROJECT 4
6287 1
2318671 1
207197 1
this 37
23377 1
DAMAGES 2
249826 1
637629 1
Please 1
118585 1
Census 109
NOT 2
199999 51
492163 1
177700 1
know 1
49980 1
11398 1
416401 1
159053 1
213862 1
support 4
27708 1
394572 1
245436 1
44288 1
204921 1
we 8
life 1
132837 1
336721 1
597143 1
76761 1
34005 1
24672 1
88746 1
88745 1
10039 1
lieu 2
previous 1
wide 1
352749 1
reading 1
74100 1
219195 1
481496 1
123900 1
55832 1
54504 1
1089882 1
87400 1
91498 1
135967 1
9343 1
Internal 1
httppglaforg 2
56252 1
61600 1
167552 1
200592 1
10934 1
BREACH 2
81217 1
problem 1
terms 19
1385013 1
10937 1
50950 1
95849 1
668718 1
413327 1
38496 1
method 1
68249 1
62940 1
923440 1
come 1
286815 1
provisions 1
31862 1
1716241 1
358078 1
688338 1
37169 1
9367 1
70579 1
9365 1
periodic 1
25169 1
2866237 1
204968 1
59300 1
distribution 6
ACTUAL 1
our 4
out 1
4048068 1
25164 1
course 1
copy 12
123958 1
37140 1
159947 1
31839 1
8620547 1
28204 2
abide 1
8041 1
62958 1
9083605 1
help 3
2190594 1
Louisiana 4
located 4
524172 1
69594 1
date 3
479124 1
98924 1
68279 1
addresses 1
216972 1
156865 1
38463 1
data 1
Most 1
121360 1
56295 1
Central 4
85616 1
2744 1
753827 1
1230617 1
distributing 7
1633461 1
214307 1
322975 1
17523 1
2747 1
Character 1
16201 1
290030 1
sent 1
efforts 3
26485 1
431181 1
168839 3
98907 1
expenses 2
295739 1
176494 1
13143 1
342571 1
purpose 1
290044 1
113717 1
855759 1
228983 1
144895 1
119023 1
938514 1
239624 1
121338 1
Specified 102
costs 2
97607 1
cost 3
440903 1
will 6
follow 1
40757 1
981330 1
5134869 3
227643 1
86956 1
2777 1
250871 1
compliance 4
Total 153
322968 1
37103 1
locations 2
1217649 1
6016425 2
harmless 1
223280 1
215201 1
65362 1
19469 1
govern 1
numerous 1
householder 102
21781 1
45752 1
England 1
Median 153
648275 1
148762 1
your 9
explanation 2
143076 1
without 8
1798193 1
these 3
82700 1
1458 1
1456 1
contributions 1
2785 1
1133076 1
calculate 1
8952978 1
whatsoever 2
21797 1
1261387 1
1138775 1
2001057 1
1473 1
143083 1
volunteers 5
11515 1
1231515 1
1466 1
400622 1
much 1
894607 1
3145585 2
65389 1
948119 1
351165 1
1113443 1
489104 1
597850 1
205899 1
147448 1
FOUNDATION 1
Contributions 1
122103 1
1379782 3
103821 1
195961 1
STATES 2
committed 1
licensed 1
2496334 1
69755 1
1495 1
1688510 1
505706 1
401936 1
4519 1
3059911 1
78698 1
124751 1
89349 1
5841 1
days 4
320863 1
12822 1
reports 1
67100 1
90364 1
90367 1
Gutenbergtm 55
709716 1
1309858 1
114544 1
118905 1
570791 1
167001 1
505745 1
5184827 1
wish 1
1499 1
275787 1
144359 1
19426 1
248173 1
Unless 1
843009 1
501c3 2
FOR 4
3210 1
pay 1
20428 1
About 1
12804 1
228556 1
30696 1
3203 1
12806 1
224198 1
88039 1
101235 1
End 1
605 1
30699 1
4539 1
3209 1
609 1
114529 1
formats 2
4550 1
220617 1
obsolete 1
medium 5
Alabama 4
208975 1
remove 1
82765 1
28352 1
685236 1
80100 1
80106 1
3215 1
610 1
Colorado 4
1193567 1
27024 1
612 1
81433 1
618 1
21732 1
93400 1
155027 1
41322 1
perform 1
90371 1
114517 1
with 97
3228 1
106907 1
622 2
950451 1
274428 1
626 1
4557 1
49286 1
named 1
4574 1
137227 1
License 10
Eskimo 102
867091 1
approach 1
631 1
34223 1
1133907 1
486020 1
117621 1
11584 1
192072 1
10255 1
per 204
8926 1
IMPLIED 1
4582 1
corporation 1
503904 1
3255 1
understand 1
531167 1
80900 1
1133927 1
confirmation 1
3251 1
99520 1
96494 1
1275172 1
642 2
232608 1
even 1
34210 1
290519 1
648 1
1477349 1
649 2
88872 1
appearing 1
Virginia 8
vacancy 102
eBook 6
1799462 1
5625196 1
American 102
410862 1
746761 1
1747422 1
3264 1
2975797 1
7687938 1
650 1
indicating 1
297161 1
3258 1
656 2
152874 1
Population 105
658 1
renteroccupied 102
659 1
453105 1
12897 1
381899 1
348346 1
302128 1
884431 1
particularly 1
44473 1
10240 1
95187 1
47509 1
opportunities 1
55992 1
661 1
663 1
665 1
667 1
15931 1
4599 1
53336 1
290538 1
15934 1
92907 1
11576 1
entity 3
8959 1
New 17
48824 1
imposed 1
18175 1
almost 2
1208360 1
663870 1
396935 1
3282 1
672 1
673 1
701826 1
674 1
675 1
1486262 1
337681 1
678 1
679 1
384947 1
92936 1
2350725 2
12875 1
void 1
91600 1
431733 1
8985 1
44454 1
1306756 1
liability 2
65338 1
However 1
Public 1
680 3
681 2
1036774 1
682 1
READ 1
54681 1
688 1
1083921 1
2291830 3
57715 1
270923 1
7660 1
7662 1
5000 1
69700 1
65348 1
cause 2
units 664
24832 1
690 2
74293 1
696 2
698 1
117643 1
52038 1
1069650 1
91622 1
104332 1
performing 3
69717 1
1154826 1
English 1
36815 1
78653 1
485581 1
20481 1
670163 1
66681 1
renamed 1
1455964 1
7688 1
96425 1
290587 1
63500 1
40864 1
441984 1
630078 1
5773943 1
Hispanic 102
232699 1
displayed 1
59490 1
394202 1
2214026 1
5035 1
369244 1
222404 1
192809 1
Project 83
638800 2
211769 1
3939070 1
141214 1
232683 1
151499 1
must 10
39869 1
146909 1
6373 1
243337 1
243334 1
47479 1
128214 1
153215 1
484212 1
814496 1
143890 1
Washington 4
1166783 1
found 3
11143646 1
3414347 1
196372 1
14553 1
301794 1
130583 1
receive 3
implied 1
5057 1
48797 1
129535 1
13230 1
38510 1
40831 1
4512523 1
598388 1
118881 1
85785 1
1670379 1
1431953 1
2378207 1
secure 1
29760021 2
52890 1
138481 1
259735 1
23481 1
119327 1
23482 1
40819 1
things 2
176744 1
has 2
109989 1
585004 1
210468 1
offers 1
given 1
35462 1
160392 1
1039884 1
500956 1
155807 1
415670 1
637515 1
checks 1
255388 1
171041 1
750844 1
18904 1
receipt 2
151452 1
1806263 1
employees 2
4308937 1
208175 1
effort 2
769439 1
anything 1
34126 1
51583 1
2055774 1
282970 1
2807 1
9439 1
2806 1
14514 1
NORTHEAST 1
104297 1
5099 1
1293894 1
427676 1
247745 1
704973 1
51591 1
34117 1
1232067 1
11495 1
15851 1
14521 1
79905 1
36779 1
536905 1
9468 1
760287 1
42647 1
2292393 1
2229916 1
334650 1
81331 1
trademarkcopyright 1
Special 1
280372 1
RENT 51
1406961 1
laws 8
9479 1
171927 1
41304 1
1503 1
79002 1
7226891 1
29671 1
1500 1
Web 3
122994 1
Connecticut 4
259787 1
245156 1
867884 1
898161 1
251826 1
120338 1
100745 1
343580 1
237533 1
methods 1
878561 1
15000 1
542709 3
Marriedcouple 51
112707 1
confirmed 1
9481 1
2294111 1
169633 1
ways 1
25285 1
49255 1
1237786 1
2907741 1
2847 1
50809229 1
38595 1
37txt 1
93325 1
550311 1
201596 1
575677 1
122972 1
permanent 1
1836989 1
organized 1
505793 1
12630465 1
facility 1
15019 1
178575 1
small 2
13286 1
before 1
204629 1
replace 1
60428 1
84405 1
1533 1
72409 1
proofread 1
group 103
777913 1
688260 1
gross 1
109120 1
262505 1
25273 1
85722 1
KIND 1
38579 1
1102762 1
Northeast 1
31943 1
398656 1
request 1
10585664 1
621131 1
25247 1
204647 1
percent 102
521801 1
2845659 1
610484 1
80065 1
81390 1
106079 1
requirements 4
38550 1
STRUCTURE 51
46178 1
onethe 1
352469 1
29616 1
1568 1
4130395 1
954094 1
503177 1
67091 1
16309 1
37229 1
323930 1
3391832 1
217981 1
1000667 1
555088 1
1530832 1
193203 1
1575 1
33891 2
55206 1
308405 1
you 51
2517026 3
20587 1
1594 1
active 2
opportunity 1
California 4
355636 1
1590 1
947597 1
population 356
LIMITED 3
Mississippi 5
4619 1
629893 1
1586 1
36911 1
161608 1
39175 1
40161 1
Oklahoma 4
5961 1
168272 1
109012 1
52193 1
how 4
Salt 1
741111 1
229993 1
1595 1
5951 1
7756086 1
1530819 1
248709873 1
103702 1
90452 1
560465 1
5544159 2
1114643 1
139719 1
45848 1
31201 1
ANYTHING 1
27195 1
150986 1
meet 1
980160 1
194527 1
700 1
701 1
304035 1
326286 1
702 2
2855878 1
4634 1
705 2
381923 1
706 1
1163607 1
2406974 1
265621 1
453254 1
21862 1
Wyoming 4
93514 1
653543 1
126411 1
recreational 51
ASCII 3
hold 1
3032769 1
4690264 1
outdated 1
710 1
3312 1
59600 1
Householder 102
904446 1
712 1
715 1
718 2
18224 1
136627 1
18226 1
458955 1
commonly 1
40135 1
15199 1
133598 1
For 53
2001 1
355677 1
1693802 1
15193 1
422998 1
55255 1
79203 1
109080 1
60600 1
48090 1
immediate 2
728 1
18229 1
4659 1
546165 1
4671 1
2888745 1
beginning 1
68579 1
4674 1
additional 3
2011 1
3342 1
1070597 1
1727059 1
3339 1
3338 1
Language 1
4665 1
1309954 1
4666 1
5998 1
1368334 1
48086 1
775318 1
88187 1
notice 2
International 1
owner 55
158897 1
1369652 1
135318 1
40112 1
764656 1
2021 1
3350 1
home 51
2019 1
print 1
149958 1
741 1
137983 1
749 51
178499 1
511421 1
1944744 1
21023 1
391324 1
royalty 1
hope 1
paragraphs 3
750 51
14738 1
95292 1
35675 1
172342 1
137114 1
10376 2
SOUTH 1
172344 1
1348746 1
1166727 1
10377 1
78728 1
14733 1
1514746 1
544338 1
46313 1
125112 1
3374 1
MERCHANTIBILITY 1
122087 1
684660 1
22369 1
3370 1
detached 51
419313 1
760 1
23690 1
764 1
2037 1
3366 1
23693 1
Hart 2
61055 1
1759534 1
43280 1
428275 1
1694243 1
1839325 1
102462 1
2104425 1
DISTRIBUTE 1
11681 1
46300 1
Right 1
125102 1
1077101 1
65428 1
2053 1
357423 1
trailer 51
35658 1
772 1
773 1
file 2
940106 1
86367 1
140776 1
PURPOSE 1
172360 1
3051908 1
within 4
could 1
2067 1
1201833 2
Mobile 51
34316 1
35647 1
274586 1
machine 1
14724 1
return 3
codes 1
charities 1
407356 1
LIABLE 1
6431 1
350814 1
69800 1
practically 1
173637 1
36969 1
10847115 2
173633 1
downloading 1
1012695 1
17445190 1
Less 102
calculated 1
86371 1
161649 1
5110 1
Occupied 103
occur 1
6444 1
47609 1
89406 1
5105 1
159332 1
186936 1
879173 1
24959 1
7787 1
101176 1
105530 1
appears 1
118845 1
276340 1
24952 1
1358124 1
101167 1
12972 1
275008 1
1445827 1
regulating 1
57846 1
36945 1
22305 1
348424 1
5131 1
West 8
44553 1
138425 1
371768 1
2859353 1
146057 1
592872 1
48915 1
78771 1
concerning 2
2307810 1
3464436 1
804423 1
52166 1
1213845 1
online 4
1192180 1
35609 1
4791739 1
1694273 1
REMEDIES 1
187328 1
United 15
149055 1
356042 1
772309 1
84565 1
5138 1
12037 1
51645 1
167718 1
231488 1
75617 1
246519 1
based 2
39984 1
117447 1
163341 1
83223 1
1177349 1
80193 1
242164 1
37324 2
processing 1
17735 1
345484 1
58290 1
12011 1
62310 1
163373 1
unless 3
17709 1
781295 1
Under 102
13343 1
free 5
356060 1
46261 1
1087433 1
13348 1
292436 1
883189 1
155743 1
accordance 2
1692456 1
people 3
804341 1
710089 1
household 51
51679 1
391280 1
37308 1
1130683 1
74318 1
970864 1
71288 1
104189 1
225601 1
Page 102
160288 1
99611 1
851540 1
278143 1
Full 1
whenever 1
382366 1
507488 1
139696 1
143701 1
Jersey 4
26702793 1
122845 1
734006 1
please 1
1299281 1
collection 4
201644 1
257208 1
660621 1
39949 1
747318 1
257207 1
39941 1
150000 51
84597 1
109879 1
4748056 1
3155989 1
1623044 1
164667 1
47553 1
1179936 1
derivative 3
assistance 1
22258 1
748626 1
Nebraska 4
406880 1
3370160 1
494578 1
202990 1
226961 1
221272 1
15963 1
213637 1
587569 1
13305 1
13658776 1
39937 1
692202 1
8246 1
35562 1
Title 1
896436 1
50380 1
53411 1
1734270 1
554678 1
10286 1
14644 1
47541 1
68479 1
Asian 102
7750725 1
3153384 1
2452945 1
29783 1
27120 1
charitable 1
19504 1
3685296 2
arise 1
1663099 1
291164 1
58200 1
21836 1
agree 7
20503 1
101957 1
2955 1
200364 1
3486703 2
DISCLAIMER 1
anyone 5
183816 1
238948 1
refund 8
1647853 3
donations 12
damages 2
73840 1
333415 1
171836 1
2021632 1
204731 1
discontinue 1
uniform 1
389810 1
1630 1
198036 1
979224 1
153185 1
108579 1
128168 1
88093 1
17793 1
192748 1
Housing 105
2132444 1
310792 1
4257478 1
30750 1
203411 1
1793477 2
24085 1
718880 1
damaged 1
5226340 1
49366 1
cannot 4
1649 1
133500 1
52927 2
73866 1
174052 1
clearly 1
573792 1
119287 1
225690 1
1452936 1
36047 1
30749 1
from 15
16434 1
482526 1
37362 1
solicit 2
80155 1
60564 1
81483 1
replacement 3
15119 1
199358 1
807481 1
37351 1
12053 1
13386 1
249634 3
1680 1
statements 1
3621244 1
537273 3
330342 1
network 1
611695 1
449966 1
284879 1
5020700 1
public 8
paper 1
array 1
58258 1
310737 1
393091 1
101963 1
4702 1
DIRECT 1
624997 1
223038 1
355610 1
1282489 3
839066 1
1109252 2
29733 1
100648 1
Additional 1
531971 1
1342599 1
175385 1
YOU 6
811684 1
references 2
134355 1
510058 1
297777 1
69969 1
redistribution 1
662340 1
31355 1
226581 1
2019817 1
1696 1
10418 1
1695 1
159660 1
2758149 1
155288 1
775493 1
90551 1
2375822 1
82928 1
redistributing 1
82926 1
22403 1
3135552 1
4738 1
146347 1
persons 102
charges 1
600095 1
100100 1
Author 1
801 1
217628 1
1170275 1
11753 1
East 2
3407 1
23702 1
808 1
809 1
providing 4
288840 1
94944 1
39299 1
161992 1
1266825 1
posted 5
32665 1
79313 1
9521756 1
59709 1
987919 1
815 1
4745 1
linked 1
4607263 1
40272 1
20685 1
40278 1
23718 1
4762 1
260464 1
858327 1
1094878 1
240878 3
4781468 2
10404 1
122335 1
3423 1
Renter 51
3422 1
159671 1
10402 1
1104723 1
1171580 1
21984 1
93630 1
45953 1
Email 1
Melan 1
81649 1
44627 1
60703 1
2108 1
11701 1
56694 1
3033974 1
442239 1
32647 1
131299 1
educational 1
674378 1
674377 1
5878369 1
4371945 1
its 4
80306 1
444893 1
1227269 1
58400 1
1278806 1
845 1
821048 1
847 1
7804 1
194860 1
7805 1
15282 1
Posting 1
production 1
3462 1
147651 1
664100 1
choose 1
Gregory 1
227007 1
21965 2
prevent 1
2924880 1
28593 1
Donations 2
857 1
3393964 1
19648 1
88295 1
42895 1
42896 1
18325 1
88292 1
identify 1
2144 1
2142 1
1857221 1
79344 1
55399 1
443577 1
White 102
Rental 51
252893 1
2134 1
105811 1
7824 1
exempt 2
66042 1
age 51
32612 1
46445 1
11533219 1
accessed 1
years 715
3480 1
number 3
defect 2
148115 1
2147 1
10495 1
53547 1
property 2
78848 1
879 2
1320850 1
1628634 1
1916143 1
7850 1
42077 1
97108 1
distributed 4
26844 1
274242 1
228356 1
171368 1
703816 1
125469 1
35785 1
22481 1
2157 1
1853725 3
AGREE 2
565183 1
7847 1
2439171 1
38815 1
21127 1
329838 1
other 64
166805 1
1748991 3
26819 1
22451 1
HAVE 1
exclusion 1
1319845 1
66878 1
207444 1
2583512 1
Institutionalized 51
379340 1
54897 1
895 1
electronic 27
53567 1
732364 1
unsolicited 1
10479 1
10478 1
42057 1
591468 1
65551 1
2150010 1
23794 1
eBooks 7
8625673 1
26824 1
56600 1
removed 2
116500 1
future 3
1804780 1
77527 1
157095 1
85141 1
DONATIONS 1
360723 3
4877185 2
137424 1
copied 2
121918 1
1150694 1
WEST 1
358419 1
1913920 1
3419331 3
829856 1
53583 1
360730 1
copies 7
76223 1
modified 1
360735 1
10455 1
14812 1
10456 1
all 18
137438 1
read 2
6564 1
64245 1
already 1
17099 1
287549 1
130801 1
applicable 3
484025 1
184664 1
expense 1
124185 1
1899934 1
21119 1
awayyou 1
Newby 1
maintaining 1
146396 1
unit 102
10461 1
301468 1
23747 1
6572 1
PERSONS 1
17060 1
3695115 1
116547 1
130814 1
34404 1
472029 1
and 326
29048 1
138785 1
Islander 102
580774 1
241369 1
5252 1
511350 1
23750 1
989734 1
any 135
Midwest 1
compilation 1
55313 1
274269 1
116543 1
Mexico 4
5249 1
108922 1
14801 1
1756566 1
2557169 1
63740 1
Male 51
187689 1
anywhere 2
185027 1
133824 1
29827 1
812098 1
361984 1
1638847 1
identification 1
141443 1
Foundation 21
48100 1
49428 1
using 4
containing 1
25476 1
demand 1
warranties 1
255106 1
Refund 1
739861 1
87703 1
33088 1
letter 1
1004573 1
37447 1
326862 1
740819 1
housing 205
5288 1
99712 1
21088 1
566559 1
45058 1
203911 1
25447 1
57084 1
335798 1
909676 1
GROUP 51
253375 1
are 21
25441 1
Female 51
61100 1
13464 1
where 3
21083 1
17827 1
Many 1
takes 1
Aleut 102
1302219 1
372653 1
holder 4
1576161 1
25459 1
5290 1
2021346 1
415492 1
878704 1
25451 1
61115 1
9649 1
61111 1
195297 1
16506 1
21091 1
through 2
46367 1
Compliance 1
22396 1
occasional 51
34383 1
httpwwwpglaforg 1
62459 1
223549 1
202601 1
852993 1
574113 1
either 1
118237 1
607497 1
50477 1
17803 1
171294 1
1891917 1
donate 3
150350 1
24109 1
7730188 2
107584 1
14783 1
415427 1
3144503 1
149389 1
127177 1
668470 1
FULL 2
Pennsylvania 4
120531 1
httpwwwgutenbergorg337 1
37409 1
3735685 1
volunteer 1
428737 1
270761 1
name 1
407859 1
267122 1
1108229 2
Domain 1
17812 1
4388813 1
10390 1
268439 1
47679 1
1320073 1
546946 1
66830 1
8357 1
edition 1
75781 1
112903 1
38728 1
178709 1
314811 1
1344802 1
53525 1
1177633 1
10397 1
1216604 1
65510 1
546934 1
554561 1
426106 1
522989 1
8361 1
702554 1
308154 1
1829106 1
1998074 1
22382 1
199619 1
52200 1
1272721 1
39127306 1
495535 1
POPULATION 3
518858 1
4758171 1
16595 1
WARRANTIES 2
3994503 1
260534 1
rent 51
8372 1
143230 1
7041 1
cash 51
1070021 1
67276 1
92217 1
1519521 1
20627 1
45900 1
280127 1
200000 51
1742 1
280126 1
92209 1
235557 1
261653497 1
680979 1
496841 1
1749 1
1005020 1
card 1
19637 1
72636 1
8398 1
1217975 1
353506 1
damage 1
2502072 1
httpgutenbergnetlicense 1
72635 1
71300 1
8391 1
58332 1
4400105 1
1755 1
48160 1
717681 1
1450898 1
28553 1
67281 1
363784 1
protect 2
308105 1
7076 1
TENURE 51
751563 1
214663 1
more 154
235586 1
display 1
27237 1
111605 1
21933 1
inaccurate 1
29890 1
574109 1
Family 51
438992 1
124916 1
14862394 1
4259549 1
108024 1
71321 1
4806 1
41508 1
170801 1
29861 1
249302 1
459881 1
INCLUDING 1
Mission 1
UNITS 51
1716576 1
2573216 2
described 1
17893 1
424302 1
21914 1
400394 1
both 2
most 2
important 1
24182 1
1787 1
1202020 1
361155 1
phrase 4
29873 1
50400 1
759499 1
37489 1
271214 1
152144 1
4812 1
173066 1
69010 1
limitation 3
12174 1
1215350 1
solicitation 1
42824 1
3176121 1
2188587 1
466155 1
4746161 1
4107395 1
1794 1
1unit 102
267194 1
profit 1
Release 1
737217 1
1342230 1
comply 6
original 1
131237 1
239984 1
also 2
42810 1
204414 1
spread 1
REPLACEMENT 1
24165 1
1578702 1
272521 1
1368843 3
309406 1
2208801 1
You 12
613297 1
Black 102
115955 1
4339905 1
146221 1
59800 1
147549 1
5117073 2
548556 1
326079 1
Divisions 1
3519 1
10325692 1
651555 1
180149 1
disclaim 1
798277 1
262309 1
99000 51
51096 1
7139394 1
2271962 1
3524 1
violates 1
283237 1
2363722 1
Atlantic 2
926 1
29151 1
164904 1
38086 1
651587 1
92402 1
IRS 1
Arkansas 4
11847 1
see 1
271241 1
10517 1
124883 1
UNITED 2
indicate 1
2699182 1
938 1
10512 1
225390 1
398580 1
88371 1
set 9
contain 2
700851 1
3185949 1
296595 1
60820 1
630661 1
WARRANTY 2
58500 1
1848445 1
135525 1
72810 1
390675 1
38062 1
468991 1
contact 3
376374 1
North 11
679940 1
1036825 1
4888 1
2151486 1
REFUND 1
20783 1
3584545 1
217794 1
39387 1
285885 1
99049 1
3571 1
692902 1
708751 1
55492 1
she 1
16593063 1
2233 1
328685 1
965 1
548587 1
31425 1
party 1
675559 1
155158 1
1020450 1
deletions 1
216472 1
6610 1
100000 51
4667612 1
79472 1
14070 1
109291 1
446741 1
614566 1
173813 1
32741 1
59862 1
1353075 1
973 1
2839138 1
103986 1
2429867 1
233801 1
INDIRECT 1
AGE 51
249360 1
156495 1
190352 1
over 204
18444 1
1456323 1
living 153
176086 1
18441 1
bound 2
3595 1
10520201 1
1061897 1
189382 1
987 1
1103313 3
Ohio 4
989 1
610192 1
66163 1
363091 1
Nearly 1
6630 1
1712217 1
14970 1
25620 1
owneroccupied 102
162300 1
37617 1
54992 1
2895223 1
999 51
2557310 1
sentence 2
2477574 2
1390054 1
34572 1
1059569 1
Delaware 4
208879 1
56700 1
33244 1
150321 1
56708 1
685748 1
188915 3
25606 1
1027966 1
paragraph 10
works 32
6654 1
7984 1
payments 3
443673 1
POSSIBILITY 1
Persons 255
viewed 1
278716 1
6649 1
5319 1
1536759 1
47863 1
45200 1
1154983 1
change 1
South 12
1725523 1
indirectly 1
1015998 1
30198 1
85265 1
Dakota 8
821188 1
283295 1
ALL 1
constant 1
6674 1
161896 1
43496 1
invalidity 1
646171 1
2241277 1
several 1
298303 1
431629 1
VALUE 51
office 2
21229 1
414292 1
35873 1
7998 1
10574 1
944726 3
43493 1
different 1
directly 1
1416273 1
47845 1
5350 1
6683 1
Executive 1
47841 1
5353 1
456937 1
Terms 2
restrictions 2
preserve 1
23897 1
244539 1
14949 1
HOUSEHOLDER 51
AND 154
892383 1
attached 52
607406 1
13611 1
errors 1
452582 1
108800 1
209300 1
3214922 1
ANY 3
51061 1
29167 1
35855 1
total 408
985259 1
253458 1
34522 1
52399 1
4045430 1
Hampshire 4
212949 1
278755 1
136000 1
349516 1
938062 1
3287116 2
5802118 1
17198 1
130704 1
100 2
101 3
102 2
editions 4
55436 1
104 3
105 1
106 3
107 3
108 3
34517 1
171220 1
541116 1
5384 1
2472711 1
517482 1
42921 1
111 2
45190 1
OWNER 1
510849 1
113 3
114 3
Sections 1
24252 1
115 1
118 4
119 3
415589 1
12284 1
163589 1
12286 2
1017795 1
551396 1
1614766 1
5391 1
remaining 1
120 1
accept 1
121 2
1830229 1
122 2
282823 1
123 1
mission 3
124 1
125 3
126 2
127 2
128 1
129 3
6261719 1
8415 1
interpreted 1
8432 1
350514 1
access 10
99836 1
6187378 1
30917 1
33197 1
24234 1
24236 1
4070 1
130 2
4071 1
131 3
133 3
134 2
current 1
Nonfamily 51
135 2
136 4
54930 2
142677 1
138 2
Missouri 4
139 1
50575 1
321284 1
12261 1
makes 1
550043 2
1727303 1
140 1
4866692 2
4082 1
141 1
142 1
143 2
144 1
147 2
148 1
808946 1
149 1
87843 1
46496 1
288186 1
1048010 1
211666 1
127063 1
but 4
690292 1
21188 1
8455 1
38861 1
1785235 1
149255 1
available 2
441821 1
188853 1
150 3
246305 1
29903 1
25549 1
153 2
154 1
156 1
159 2
httppglaforgfundraising 1
87873 1
written 3
321247 1
411186 3
2394809 1
211692 1
5353010 1
12241 1
460110 1
Kansas 4
160 1
942141 1
165 1
Iowa 4
169 1
848141 1
especially 1
2231986 1
expend 1
General 3
679038 1
171161 1
627831 1
175522 1
52306 1
143958 1
7142 1
25528 1
695961 1
166605 1
171 1
500628 1
OCCUPANCY 51
177 2
121733 1
178 1
proprietary 1
387830 1
710298 1
throughout 1
803282 1
236996 1
1835 1
108775 1
302964 1
types 1
321241 1
corrupt 1
13550 1
108771 1
8489 1
705704 1
98532 1
24200 1
695957 1
221012 1
700016 1
183 1
201421 1
66969 1
281515 1
188 2
496980 1
821940 1
14886 1
38833 1
174214 1
13558 1
616290 1
174210 1
100800 1
39353 1
152060 1
93677 1
15385 1
191 1
188019 1
193 1
195 1
93670 1
196 1
44703 1
199 1
165383 1
144431 1
412473 1
Arizona 4
7176 1
91003 1
91000 1
404832 1
5469522 1
662174 1
2503499 1
334513 1
119476 1
32710 1
1192323 1
202782 1
1860 1
81686 1
following 3
WORK 1
323878 1
Revenue 1
19720 1
2776755 2
589953 1
seasonal 51
1880 1
623470 1
855321 1
20711 1
derive 1
Massachusetts 4
19728 1
14039 1
place 1
4040587 2
121779 1
32703 1
43566853 1
606900 2
7198 1
482307 1
70100 1
prominently 2
1711817 1
63814 1
2348928 1
1503058 1
site 4
cease 1
432092 1
83400 1
57135 1
50500 1
234368 1
157771 1
6187358 2
91055 1
352318 1
42967 1
6130465 1
204504 1
42964 1
165331 1
28659 1
332785 1
132419 1
466297 3
6119265 1
809449 1
should 2
only 2
323824 1
271347 1
49596 1
48264 1
217811 1
readable 2
individual 4
14024 1
48257 1
Vacant 51
62500 1
accepted 2
tax 6
20701 1
2818193 1
Rhode 4
200159 1
916708 1
29990 1
person 55
1631295 1
files 2
16687 1
2946366 1
3606 1
72798 1
132438 1
can 10
1387210 1
191602 1
238779 1
177333 1
525054 1
199567 1
1810691 1
48239 1
136802 1
limited 2
1515069 2
71471 1
63855 1
While 1
24283 1
3847926 1
1329397 1
30954 1
1553309 1
